227
226
222
219
220
216
218
219
218
216
212
208
210
205
206
209
207
205
202
195
197
191
193
195
195
189
184
180
179
174
176
178
180
171
166
160
160
154
157
159
161
152
148
140
139
133
135
136
139
129
123
117
117
111
113
114
126
116
110
105
104
99
100
102
105
95
91
85
85
80
81
81
94
82
78
75
73
67
66
64
78
70
64
62
61
60
59
58
217
218
219
221
221
224
226
225
206
208
208
211
211
214
217
215
191
194
194
198
198
202
206
203
175
173
177
180
182
186
190
191
155
155
157
161
163
166
172
174
133
132
135
139
142
146
152
155
112
111
113
116
119
123
131
134
100
99
101
103
107
111
117
121
81
80
83
84
88
91
97
99
62
63
66
69
70
74
77
86
56
58
58
57
58
61
65
73
228
229
225
223
219
218
217
217
219
221
216
213
207
206
205
205
210
210
204
200
194
194
191
190
196
192
189
186
179
178
175
174
179
176
173
169
161
159
156
154
160
158
154
149
141
137
134
133
141
138
134
128
120
116
113
112
127
125
119
114
107
104
101
99
105
104
100
95
88
85
83
83
83
84
76
74
69
64
62
61
68
62
62
59
57
56
56
55
216
218
219
222
226
229
229
230
204
206
208
212
218
221
221
222
190
192
194
199
206
211
210
211
175
176
178
189
193
195
195
196
155
156
160
168
176
179
179
180
131
136
138
151
156
161
161
162
112
115
116
132
136
142
141
143
99
102
104
116
122
128
126
130
82
84
86
97
102
107
106
105
53
55
55
57
56
56
56
61
49
48
48
48
48
48
47
47
228
228
228
225
224
223
221
218
220
220
219
215
215
212
211
207
209
209
208
204
203
200
198
192
194
194
194
193
188
185
183
177
178
179
178
176
171
167
165
159
159
160
158
155
151
147
146
136
137
140
138
135
129
125
123
116
124
126
124
120
116
112
110
103
101
105
103
100
98
94
93
85
56
55
52
53
54
54
54
55
43
44
46
46
47
48
47
48
222
221
222
224
225
227
227
226
211
211
212
214
216
218
218
218
199
198
200
202
205
207
208
207
182
184
186
190
190
190
191
195
163
166
169
173
173
173
173
176
142
145
148
153
154
154
153
157
119
122
127
132
132
133
131
135
107
109
113
118
119
119
118
121
89
91
95
98
99
99
97
99
55
60
59
58
58
55
56
57
50
50
50
50
49
47
49
48
225
224
225
224
224
222
221
220
215
214
215
215
214
211
210
210
203
202
203
202
202
198
197
195
190
187
187
185
187
186
182
182
171
169
168
170
169
169
165
163
151
148
149
150
150
148
145
143
128
125
127
128
127
126
122
120
115
111
114
115
114
113
110
109
93
91
95
95
96
94
91
90
45
49
51
58
54
51
50
51
28
29
35
39
41
42
46
49
220
220
221
224
223
222
222
227
210
210
211
214
213
212
212
219
196
196
198
201
200
199
198
208
182
183
185
182
183
184
181
193
161
165
166
166
165
165
162
174
143
144
145
145
146
144
141
155
121
121
123
123
123
121
118
131
108
109
110
110
110
109
104
118
90
92
93
94
93
94
91
96
51
52
51
51
50
50
48
48
42
45
45
46
42
41
38
27
222
217
212
213
215
216
222
221
213
206
199
201
202
205
212
210
200
191
183
185
186
190
199
197
184
174
166
167
169
174
184
183
164
154
146
147
148
155
163
164
143
133
123
124
126
134
144
143
117
111
104
102
106
111
121
120
104
98
93
95
94
101
108
107
82
86
79
80
82
86
90
91
47
46
51
50
51
54
54
53
36
45
49
48
47
45
45
44
215
214
213
212
212
215
217
221
203
201
201
199
199
202
206
211
187
186
185
183
184
187
192
198
172
170
169
167
166
169
176
181
151
149
148
145
146
149
156
160
130
128
126
125
124
127
133
138
109
109
108
106
106
106
109
111
96
97
95
92
92
94
96
98
83
82
83
80
80
83
81
76
60
55
58
60
63
61
52
48
43
55
53
54
54
54
53
51
221
218
213
218
217
220
216
216
210
207
201
207
205
210
205
204
197
192
185
192
190
196
190
190
181
175
170
174
177
178
179
175
159
156
149
155
160
159
161
155
136
132
125
131
137
138
140
133
108
107
105
110
116
118
120
113
95
93
93
100
102
104
105
99
74
75
84
88
91
91
92
85
48
50
66
63
63
61
67
66
63
63
53
55
55
54
56
45
220
219
218
218
215
213
216
222
210
209
208
207
202
200
204
211
194
195
195
192
188
184
188
197
179
179
179
176
171
166
170
180
161
161
160
158
149
142
151
160
138
139
138
136
128
123
127
137
117
118
117
115
107
100
101
108
105
105
104
102
95
89
89
95
89
90
91
90
83
79
77
76
61
54
62
66
64
63
69
68
55
56
54
55
54
53
53
46
216
216
214
214
217
219
218
219
203
204
201
202
205
209
206
208
187
189
186
187
191
195
192
195
172
173
162
170
173
177
178
178
151
151
145
150
157
158
159
159
128
128
122
129
135
136
138
138
102
104
100
108
113
115
116
115
89
90
89
96
101
102
103
104
71
74
77
84
89
88
88
88
60
63
68
68
66
64
63
66
47
55
56
57
56
55
54
47
219
218
218
215
213
212
215
217
208
208
207
203
200
198
203
205
194
193
193
187
184
182
188
190
177
177
176
175
167
162
169
172
158
157
157
152
146
143
147
149
137
136
136
132
125
120
124
127
116
116
114
111
105
100
99
100
103
103
102
99
93
87
87
87
88
89
89
88
82
75
73
69
67
55
59
63
67
69
62
56
57
58
55
55
57
56
55
45
212
215
218
215
215
216
212
214
201
203
206
203
202
204
199
202
184
188
192
188
187
189
184
186
173
171
170
167
169
173
170
171
153
151
149
146
146
153
149
152
129
127
126
124
127
129
128
130
100
100
103
102
105
108
107
108
86
88
89
91
93
97
95
96
65
69
77
81
83
87
83
83
55
67
63
63
68
66
65
63
42
54
54
56
56
56
55
58
216
214
212
212
216
217
213
218
204
202
200
199
204
205
200
207
188
186
184
183
189
190
184
192
170
169
169
169
171
173
172
174
148
150
147
149
150
153
152
154
127
128
126
127
128
130
128
129
109
109
105
103
102
102
100
100
97
96
95
93
90
90
87
85
84
84
82
82
79
75
67
64
64
67
70
74
73
74
66
59
57
56
57
57
57
56
53
42
218
217
217
215
213
211
214
214
206
206
206
203
200
198
201
202
191
191
191
188
184
181
187
187
175
175
174
172
171
167
171
171
154
154
153
152
144
152
150
151
129
130
131
130
128
128
128
129
98
102
106
108
106
106
107
109
82
87
92
95
95
95
96
97
58
67
75
84
84
84
83
83
57
63
67
68
73
68
67
64
36
47
55
57
57
56
55
55
215
217
216
216
218
218
217
218
203
207
204
204
207
206
205
207
187
193
190
191
193
192
191
192
172
175
172
173
173
176
175
175
151
156
152
153
154
155
155
154
130
134
130
132
132
134
132
131
109
115
110
110
108
108
103
101
97
101
98
98
96
95
88
86
85
89
86
87
81
77
68
64
65
66
68
67
71
70
68
52
56
56
56
59
59
59
53
36
220
219
219
218
216
215
214
216
209
208
208
207
204
203
201
205
195
194
193
193
190
188
186
190
176
177
177
176
173
173
170
173
153
157
157
157
152
155
154
154
132
134
135
136
134
128
132
130
101
104
107
112
112
110
109
110
87
90
95
99
101
98
98
98
64
70
77
87
90
88
86
85
56
60
74
74
72
67
68
64
35
49
58
58
58
56
56
55
215
215
217
219
219
216
219
221
203
204
205
208
208
204
208
210
188
189
191
195
194
189
194
196
174
172
175
178
179
180
177
178
155
156
156
158
160
161
157
158
133
134
135
137
139
139
136
135
112
114
114
116
115
111
107
104
100
101
102
104
104
97
93
90
86
89
92
94
90
76
72
67
65
68
67
78
78
75
73
64
56
58
59
59
60
60
57
42
221
221
222
216
220
219
218
219
210
210
212
204
209
208
207
209
196
197
200
189
195
194
193
195
180
182
179
175
180
175
177
176
160
163
162
154
160
159
154
159
138
140
142
136
140
137
137
137
107
112
118
114
118
115
114
116
93
99
104
108
105
103
103
103
71
80
88
102
95
93
91
90
66
74
73
77
73
68
68
66
44
56
59
59
58
57
56
56
217
219
219
219
217
222
224
222
205
208
208
208
206
212
215
213
191
195
194
194
191
199
203
199
177
178
179
177
177
184
185
183
158
158
161
161
166
166
167
165
136
138
139
141
145
145
146
143
116
117
119
119
124
118
119
114
104
105
107
109
112
105
105
101
90
93
96
97
102
85
84
79
67
70
72
76
80
78
75
74
57
58
59
60
61
61
61
59
225
225
223
223
222
222
221
220
215
216
213
213
212
211
211
209
203
204
201
200
199
198
197
195
188
188
186
187
184
182
182
179
170
170
170
169
166
166
163
160
150
150
150
149
145
141
145
136
120
121
123
125
123
125
124
118
107
108
110
112
112
112
110
106
86
88
89
99
101
98
96
92
75
72
71
72
72
71
68
65
59
60
60
60
59
59
57
57
221
224
225
225
227
225
227
228
210
214
215
216
218
215
219
220
197
202
203
204
206
203
207
208
182
181
188
189
191
190
193
195
163
167
168
171
176
174
176
177
142
147
148
152
156
156
156
158
120
127
128
129
133
132
131
131
108
113
115
118
120
120
118
117
95
98
101
104
105
104
98
96
74
63
69
72
72
76
75
74
60
58
61
61
63
66
67
65
229
228
229
228
227
224
223
222
221
220
220
220
219
215
214
212
210
208
210
209
208
202
201
199
204
199
198
197
194
190
188
186
189
183
181
179
177
172
170
168
170
166
164
161
157
151
149
147
146
142
142
139
133
128
127
125
133
130
129
127
121
116
113
112
111
111
115
109
103
100
98
96
78
75
74
78
79
76
75
72
66
66
66
62
61
61
59
58
224
224
225
225
229
229
233
233
214
214
216
216
220
221
227
226
202
202
204
205
210
211
218
217
187
191
193
195
199
203
204
209
169
173
176
179
184
190
192
195
148
152
156
160
166
175
176
180
128
130
135
137
144
153
156
160
113
118
122
126
132
140
143
149
97
100
105
108
112
122
125
130
69
74
76
78
80
81
74
77
61
67
66
66
70
68
72
71
234
235
234
230
229
230
228
225
228
230
227
222
221
222
220
215
220
222
219
212
211
212
209
202
212
213
210
206
197
198
192
192
201
201
196
190
187
182
179
172
186
188
181
176
172
162
157
154
168
169
161
155
147
140
135
130
156
158
148
142
135
128
121
116
137
138
127
121
113
107
104
97
100
104
105
102
101
93
87
81
90
88
82
81
77
75
73
70
227
227
231
232
233
235
237
236
218
219
223
225
226
230
232
231
207
208
213
215
217
221
225
223
191
195
200
202
209
210
217
215
176
180
186
187
193
200
205
205
157
162
166
171
178
184
191
190
132
137
143
147
157
166
174
174
119
122
130
134
146
152
162
162
100
103
108
113
124
131
143
142
80
86
93
103
115
130
128
135
69
68
70
74
80
93
94
99
237
238
238
236
233
230
229
228
232
234
234
231
227
223
222
220
225
228
228
223
219
212
211
209
219
220
216
210
203
200
195
192
208
209
204
196
188
183
178
175
194
194
190
180
169
166
162
160
177
178
172
161
147
143
138
135
166
166
160
148
135
130
124
121
147
147
141
126
113
109
103
100
136
137
134
124
117
109
102
94
99
100
93
89
77
70
66
56
222
225
229
232
232
237
239
238
211
215
221
225
226
232
235
234
198
203
210
215
217
224
229
227
184
188
198
205
209
213
217
221
167
173
182
191
196
202
205
211
145
155
161
173
181
188
191
197
120
130
139
153
161
170
174
181
106
116
126
140
149
157
162
170
89
97
105
119
127
136
142
150
76
84
95
101
115
130
132
135
65
72
80
83
86
94
97
105
235
235
233
230
228
228
226
226
228
229
225
222
220
219
216
216
219
221
216
212
208
208
203
203
211
209
204
199
194
194
192
188
198
195
190
186
177
176
172
169
182
179
172
167
157
154
151
148
161
158
148
141
134
131
128
124
149
146
135
129
121
118
115
111
129
125
114
109
100
97
95
92
116
111
106
97
94
88
86
80
105
106
97
89
85
84
71
64
229
228
231
233
235
236
239
238
221
220
223
226
228
231
234
233
210
209
213
217
220
223
227
226
195
197
201
205
210
215
218
217
179
179
186
190
197
202
206
206
160
162
166
171
180
188
190
190
136
139
145
150
160
169
173
173
121
126
132
136
147
158
161
161
100
104
110
115
126
137
141
141
104
111
120
129
138
144
143
142
74
80
84
93
104
110
110
109
238
239
237
234
232
230
227
225
233
234
232
227
225
222
218
216
226
228
225
218
215
211
206
203
220
220
214
208
201
198
194
188
208
207
202
194
188
183
177
174
192
192
187
175
168
160
159
154
173
173
168
154
146
138
131
126
162
162
155
142
133
125
118
112
141
131
133
120
112
103
96
92
132
131
122
117
105
99
94
88
118
116
114
103
88
86
77
68
228
230
233
234
237
238
241
237
219
223
226
228
231
233
237
232
208
212
216
219
223
225
231
224
194
197
204
207
211
215
217
220
175
181
188
192
198
204
206
209
155
161
170
174
180
189
191
194
132
139
148
152
159
169
172
176
118
125
135
140
146
157
160
164
98
104
113
117
124
135
140
143
85
91
103
109
115
126
134
133
68
75
87
93
98
113
122
122
242
243
240
237
234
231
226
222
239
241
236
232
227
224
217
212
233
237
230
225
218
214
206
198
231
227
222
219
209
201
189
182
224
217
214
207
195
185
173
162
213
206
202
193
176
165
152
142
200
189
185
174
156
145
130
119
190
180
173
163
142
130
116
105
172
160
154
142
120
106
97
86
166
150
141
130
110
99
90
85
131
124
125
114
86
74
68
64
221
227
231
234
234
236
238
238
211
217
223
228
227
231
233
234
197
206
213
219
219
223
226
227
183
189
200
204
207
214
216
218
165
173
185
189
194
201
203
207
143
153
166
170
176
183
188
191
119
130
144
148
155
165
170
175
106
116
130
134
142
155
159
163
89
95
109
113
120
131
139
143
86
90
96
108
110
120
138
149
65
71
76
87
93
105
119
131
239
239
238
235
232
229
226
221
235
235
232
229
225
221
217
210
229
229
226
221
216
211
205
197
220
217
216
212
206
198
190
182
211
205
204
197
189
183
172
163
196
191
189
184
172
161
151
143
180
174
171
164
149
140
128
119
169
163
158
152
136
125
114
106
149
142
138
130
115
105
94
86
145
134
127
118
101
93
83
68
117
105
98
93
82
73
68
60
222
225
229
231
232
234
238
239
211
216
221
223
225
228
233
235
198
204
211
214
216
219
227
229
182
189
197
202
206
210
218
221
162
172
181
185
193
198
207
210
144
152
159
166
175
184
192
199
119
126
138
146
156
163
176
183
106
114
124
132
144
151
164
172
82
93
103
111
123
130
144
152
82
86
88
96
103
111
124
132
63
66
70
77
84
92
110
138
242
242
239
237
233
231
224
221
239
240
235
232
226
223
214
210
235
235
229
225
217
213
202
197
231
225
221
218
208
199
187
182
225
216
219
206
194
185
171
163
214
204
202
193
175
164
151
141
199
189
185
174
156
143
125
117
190
180
173
163
142
129
112
104
172
160
152
141
120
107
92
85
153
140
131
123
112
97
84
86
140
126
116
107
86
76
64
60
222
225
230
233
236
239
242
242
212
216
223
226
231
234
239
239
199
204
213
217
224
228
235
234
184
189
199
207
216
223
224
228
165
172
183
193
205
213
214
220
147
151
166
176
192
201
203
209
119
127
143
154
172
181
185
194
106
114
128
140
160
169
175
183
88
95
108
119
139
149
155
165
81
84
93
105
120
124
138
154
63
68
76
85
107
114
118
132
241
238
235
234
229
228
225
221
237
234
230
228
222
218
215
211
232
227
222
220
211
207
204
198
226
221
215
208
199
193
189
183
217
211
202
195
184
176
171
164
204
198
188
177
165
156
150
143
187
180
167
155
143
134
126
120
176
169
156
142
130
119
114
106
158
148
136
120
107
98
92
85
116
113
113
108
93
85
80
76
101
98
86
77
73
72
68
65
221
225
229
232
234
237
239
240
210
216
222
225
227
233
235
237
197
203
211
216
219
226
230
231
183
189
196
203
209
217
219
223
163
170
180
189
195
207
207
213
142
150
160
170
179
193
195
199
118
126
138
148
158
174
176
181
106
113
124
135
146
161
165
169
85
92
102
112
124
141
144
147
82
88
90
100
101
108
113
116
65
67
68
68
71
74
78
74
239
237
235
234
232
229
225
223
235
232
228
227
224
221
215
213
229
225
221
218
215
211
203
200
221
217
212
208
203
196
189
186
210
205
200
194
187
179
171
167
197
192
184
178
169
160
150
146
177
171
163
156
147
137
126
122
166
160
151
143
134
124
113
110
145
139
129
121
110
102
92
88
118
116
112
111
105
90
81
77
72
72
72
72
72
69
66
63
224
226
228
231
232
234
236
238
214
217
220
224
226
228
231
233
202
206
210
215
217
220
223
227
187
191
195
202
207
211
216
219
168
173
178
187
193
198
204
208
147
152
159
168
176
183
191
194
123
129
136
146
155
161
170
174
111
116
123
133
142
149
159
163
89
94
103
113
119
126
137
141
80
86
93
99
112
113
117
118
62
64
67
73
77
79
80
79
237
238
234
232
232
223
220
217
232
234
227
226
224
213
209
206
225
228
219
217
214
201
196
192
218
216
210
206
202
186
181
177
207
204
197
192
187
169
162
157
192
189
181
175
167
148
140
135
172
169
160
153
145
125
118
112
160
157
148
141
132
112
104
99
137
134
125
118
109
91
85
80
118
118
119
113
105
99
90
85
80
80
78
75
71
66
63
61
219
220
224
226
228
232
229
232
208
210
215
217
220
225
221
225
194
196
202
205
209
215
211
215
175
181
185
191
199
201
204
206
156
162
167
174
183
186
190
192
134
140
146
154
162
169
174
176
112
117
123
131
139
146
149
154
99
104
110
118
126
134
139
139
79
84
90
97
105
112
117
120
78
82
85
94
97
101
103
112
64
66
68
73
77
78
80
83
232
230
229
226
225
221
221
217
225
222
221
217
216
211
211
206
215
213
211
206
204
199
198
192
206
203
199
194
191
184
180
174
192
188
183
178
174
166
160
155
173
170
164
159
153
145
139
133
151
147
141
136
130
123
117
111
138
134
128
123
116
109
103
98
116
112
107
102
96
90
85
80
105
102
99
95
91
82
81
78
77
78
74
72
69
63
61
56
216
218
218
221
223
225
228
232
205
206
207
210
213
216
219
224
191
193
193
197
200
204
208
215
173
177
178
181
185
193
198
202
153
157
158
162
166
175
183
188
131
134
137
140
145
155
166
169
108
112
114
119
124
133
143
147
97
100
102
105
110
119
130
134
78
81
83
86
91
98
110
113
69
73
78
79
86
87
101
112
58
59
61
62
66
68
73
78
