101  58
102  100
102  123
102  124
102  92
103  131
104  128
105  103
105  111
105  112
105  130
105  133
105  134
105  67
105  68
106  119
107  102
107  57
107  68
108  117
108  118
108  119
109  113
110  117
110  59
111  103
111  123
111  126
111  142
111  70
112  95
112  98
113  108
113  109
114  119
115  105
115  115
115  136
115  93
116  109
118  126
118  143
118  147
119  113
119  163
121  148
121  98
122  102
122  180
123  127
123  169
124  108
124  156
124  84
125  131
126  104
126  122
126  133
126  190
129  121
129  126
129  128
129  98
131  140
131  143
133  115
134  150
135  130
135  151
135  68
137  152
138  159
138  160
139  138
140  165
141  110
141  137
141  161
141  166
142  128
142  169
143  138
143  170
143  175
143  176
144  127
145  123
145  59
146  131
146  135
146  143
147  143
147  153
148  130
149  144
150  155
151  128
151  78
152  157
152  160
152  162
152  163
152  193
153  162
154  202
155  118
155  166
156  171
157  172
158  128
158  174
159  166
159  178
160  137
161  154
161  161
161  183
161  185
162  181
163  187
163  188
164  180
164  192
164  75
165  192
165  194
166  195
167  157
167  169
167  174
167  188
168  174
168  207
169  141
169  182
171  173
171  176
171  179
172  178
172  182
173  181
173  183
173  214
174  162
174  185
175  186
175  187
176  175
176  189
177  191
178  152
178  169
178  179
178  193
179  178
179  190
179  196
180  170
180  173
180  197
180  199
181  158
181  202
182  178
182  203
182  206
183  207
184  170
184  202
184  208
185  149
185  191
185  206
186  178
186  182
186  217
187  192
187  198
187  219
188  186
188  221
189  108
189  194
189  218
190  194
191  176
191  192
191  197
192  202
192  204
192  206
193  198
193  203
193  204
194  182
194  194
194  206
195  186
195  187
195  194
195  205
196  211
196  213
197  211
197  213
197  215
197  217
197  219
198  194
198  215
198  225
199  164
199  169
199  183
199  184
199  195
199  215
199  216
199  218
200  175
200  181
200  198
200  200
200  219
201  211
201  223
202  230
203  190
203  198
203  206
203  208
204  176
204  187
204  188
204  206
204  209
204  210
204  212
205  203
205  208
205  211
205  229
205  235
206  193
206  195
206  205
206  209
206  210
206  213
207  202
207  210
207  211
207  216
208  162
208  193
208  210
208  213
208  215
209  201
209  217
210  219
210  221
210  222
210  226
211  153
211  202
211  221
211  223
211  224
211  227
212  184
212  199
212  205
212  208
212  223
212  224
212  225
212  228
213  202
213  207
213  208
213  210
213  211
213  225
213  226
213  227
214  194
214  210
214  211
214  216
214  228
214  231
215  199
215  202
215  217
215  218
215  239
216  201
216  212
216  219
216  220
216  222
216  234
217  170
217  203
217  205
217  218
217  219
217  220
217  221
217  235
218  101
218  195
218  217
218  221
218  225
219  216
219  221
219  223
219  224
219  225
220  203
220  214
220  215
220  218
220  221
220  223
220  226
220  228
221  204
221  215
221  226
221  229
222  208
222  213
222  214
222  215
222  217
222  225
222  228
222  229
222  230
222  231
222  232
222  234
222  237
223  212
223  218
223  219
223  220
223  232
223  233
223  234
224  200
224  208
224  214
224  218
224  219
224  220
224  221
224  226
224  232
224  234
224  235
224  236
224  239
225  193
225  204
225  212
225  214
225  216
225  225
225  237
226  214
226  215
226  220
226  222
226  228
226  238
226  239
226  242
227  189
227  203
227  208
227  215
227  216
227  218
227  238
227  239
228  211
228  224
228  229
229  212
229  217
229  224
229  228
229  229
229  231
230  157
230  172
230  188
230  215
230  216
230  225
231  206
231  219
231  226
231  227
232  213
232  222
232  225
233  207
234  204
234  215
234  219
234  225
235  177
235  220
235  222
236  203
236  232
237  217
237  218
237  227
238  218
239  192
239  217
240  215
240  228
241  222
243  206
243  208
244  210
244  217
244  218
244  233
245  219
245  225
47   68
48   72
49   72
50   47
51   48
52   63
53   66
53   79
55   63
55   65
56   55
56   56
56   58
56   62
56   64
56   66
57   56
57   57
57   68
57   73
58   54
58   68
59   62
60   55
60   76
61   68
66   55
66   81
67   93
68   107
68   54
68   85
68   86
69   48
69   93
70   113
70   116
71   105
71   82
72   51
73   105
73   112
73   118
74   86
75   80
75   86
76   85
77   80
77   85
78   81
78   96
79   103
79   80
79   92
81   84
82   102
82   131
82   55
83   54
83   56
84   107
84   54
84   55
84   56
85   112
85   118
86   109
86   110
86   85
88   56
89   113
89   134
89   58
91   110
91   120
92   58
92   88
92   97
93   99
94   97
95   104
95   106
95   56
95   90
96   100
96   104
97   104
98   105
98   110
98   113
98   130
98   85
99   114
99   116
