0    101
0    102
0    103
0    104
0    105
0    115
0    118
0    119
0    121
0    122
0    127
0    129
0    132
0    135
0    138
0    141
0    142
0    146
0    91
0    92
0    96
0    99
100  98
101  134
103  161
103  73
106  129
106  154
107  125
107  139
107  95
108  114
109  118
109  97
110  104
110  105
110  122
113  122
113  56
114  105
114  110
117  112
117  141
118  166
118  201
119  102
119  116
119  94
121  204
122  141
123  144
124  56
125  113
128  121
129  101
130  111
130  140
131  116
131  117
131  133
133  107
135  120
136  148
137  121
137  127
137  159
138  175
139  126
139  129
139  150
139  184
139  211
139  213
140  129
140  170
142  111
144  129
145  152
145  161
145  195
146  124
147  133
147  144
148  170
150  133
150  134
150  149
152  115
156  210
157  146
157  148
158  128
158  184
159  145
159  189
160  183
162  123
162  152
162  153
163  172
164  149
164  158
164  192
165  152
165  208
165  221
167  203
169  155
172  222
174  139
174  144
174  175
175  205
175  209
176  168
176  222
178  158
178  176
178  201
178  207
179  166
180  200
180  213
181  173
181  210
183  155
183  197
184  171
184  192
184  222
185  170
185  187
186  191
186  220
187  199
188  173
188  216
190  184
190  188
190  213
191  192
192  215
194  187
194  200
194  204
195  214
196  142
196  185
196  186
196  218
198  214
198  221
199  190
199  205
199  211
200  164
200  206
200  223
201  188
201  204
201  228
202  191
202  197
202  222
202  224
202  237
203  190
203  226
204  191
204  211
204  226
205  202
205  229
206  204
206  214
206  220
206  221
207  201
207  224
207  237
208  162
208  199
208  200
208  201
208  208
209  194
209  216
209  235
209  238
210  224
210  227
211  193
212  204
212  205
212  206
212  211
212  213
212  231
213  218
213  222
214  191
214  198
214  205
214  216
214  217
214  224
214  234
215  192
215  206
215  211
216  205
217  203
217  204
217  206
217  215
217  221
217  229
217  230
217  236
218  209
218  219
218  224
219  214
219  215
219  217
220  144
220  213
220  214
220  224
220  228
220  244
221  204
221  208
221  243
222  208
223  210
223  217
223  234
224  212
224  220
224  223
224  225
224  234
224  239
225  193
225  218
225  222
225  233
225  235
225  238
226  216
226  217
226  222
226  224
227  213
227  218
227  220
227  230
228  179
228  207
228  212
228  224
228  225
229  224
230  206
230  220
231  219
232  194
232  219
232  222
232  223
232  233
232  242
233  229
234  209
234  212
234  223
234  226
234  227
235  219
235  222
235  223
235  234
236  221
236  222
236  229
237  185
237  218
237  226
237  232
238  210
238  226
240  231
240  239
241  194
241  231
243  243
244  220
245  214
245  244
246  229
248  223
248  241
249  240
250  217
250  222
250  229
250  236
250  237
250  238
250  239
250  240
250  242
251  230
251  231
251  232
251  235
252  215
252  220
252  225
252  227
252  231
253  223
254  221
255  164
255  170
255  183
255  193
255  198
255  212
255  213
30   71
39   107
39   64
39   68
40   93
41   47
43   48
46   89
49   55
50   98
53   82
53   85
56   97
57   53
57   79
57   85
61   71
62   53
62   68
63   67
65   74
70   98
74   55
74   82
74   93
75   55
79   111
80   112
81   56
82   56
84   106
84   56
85   82
88   84
89   135
90   100
90   95
92   56
93   81
95   62
95   84
95   98
96   92
97   84
98   57
99   109
99   65
