0    105
0    106
0    110
0    116
0    122
0    125
0    131
0    132
0    133
0    135
0    137
0    138
0    141
0    142
0    143
0    147
0    150
0    160
0    161
0    162
0    169
0    172
0    173
0    99
1    93
100  113
100  119
100  156
103  118
104  146
105  126
105  89
105  90
106  54
108  88
109  135
109  97
110  118
113  99
117  97
119  56
119  91
122  112
124  65
125  112
125  113
125  162
126  109
126  110
126  116
127  112
127  96
128  125
129  109
130  104
131  109
131  146
134  94
135  95
136  115
137  105
137  110
137  112
138  56
139  116
139  120
140  123
141  204
142  156
143  107
144  121
144  130
149  216
151  95
152  184
153  137
157  128
157  143
157  150
160  139
161  210
161  213
162  102
163  219
163  54
164  144
164  206
165  157
165  197
166  155
166  187
167  159
167  202
169  158
169  169
169  195
170  147
172  199
173  193
174  123
177  197
177  56
178  161
178  221
179  170
180  152
181  181
183  148
183  211
184  110
184  217
185  173
186  166
186  174
187  160
187  234
188  232
188  235
190  172
190  177
190  202
190  212
191  202
191  207
192  235
193  157
193  234
194  152
194  178
194  216
194  53
195  232
196  182
196  183
196  202
196  94
197  124
197  128
198  191
198  225
198  228
199  190
199  195
199  221
200  192
200  234
201  194
201  210
201  223
201  226
202  194
202  222
203  146
203  179
203  194
203  215
203  238
204  182
204  191
204  193
204  201
204  232
205  220
205  225
206  214
206  216
207  239
208  100
208  169
208  195
208  198
209  105
209  146
209  220
209  221
209  235
210  149
211  219
212  205
212  206
212  209
213  126
213  204
213  229
214  208
215  186
216  200
216  204
216  208
217  198
217  228
217  229
217  232
218  206
218  224
218  225
218  229
219  158
219  208
220  204
220  209
220  210
220  211
220  229
221  167
221  224
221  228
222  198
222  211
222  226
222  227
223  202
223  217
223  220
224  216
224  218
224  219
224  228
224  232
225  193
225  217
226  200
226  212
226  214
226  216
226  219
226  223
227  189
227  215
227  218
228  212
228  214
228  221
229  201
229  202
229  220
230  216
230  221
230  234
231  215
231  221
232  216
232  219
232  221
233  219
234  162
234  204
234  216
234  221
234  222
234  225
235  170
235  179
235  215
236  214
237  154
237  212
237  215
238  218
239  208
239  219
240  215
240  217
241  206
241  224
242  100
242  175
242  224
242  226
244  221
245  217
246  127
246  225
246  229
248  216
249  204
249  215
250  188
250  203
251  172
251  184
251  192
251  222
252  212
252  227
253  218
255  181
255  209
255  82
255  98
31   115
36   66
36   86
38   80
40   74
41   104
41   71
42   65
42   68
44   77
45   68
48   72
49   72
53   111
53   63
55   152
58   97
59   111
60   61
61   174
65   138
71   168
73   108
73   85
74   111
74   148
74   92
75   59
76   56
81   56
82   58
84   119
84   194
88   56
92   55
92   58
93   81
94   119
94   57
95   55
95   85
96   121
96   188
97   61
97   71
97   72
97   82
99   64
99   83
