222
221
219
216
217
214
217
217
211
210
207
203
206
201
204
206
197
196
195
188
191
186
189
191
182
178
175
173
172
168
171
172
164
159
156
152
152
148
152
153
143
137
137
131
130
126
129
129
121
115
113
110
110
105
109
109
108
103
101
98
97
94
96
97
89
85
84
81
80
77
78
78
72
70
68
67
67
62
62
61
51
54
56
56
56
56
55
55
216
217
217
219
219
222
224
223
204
205
205
207
207
211
214
212
189
190
190
193
193
197
201
198
171
171
173
175
176
179
184
185
150
151
152
154
156
159
165
167
129
128
130
132
135
138
144
147
108
108
109
111
114
117
125
128
96
96
97
99
102
106
111
115
79
79
80
81
85
87
92
95
59
62
64
66
67
69
71
75
56
56
56
57
56
57
56
54
227
229
225
224
221
219
218
218
217
220
215
214
209
207
206
206
206
208
202
200
195
194
191
190
191
191
188
186
180
178
176
174
174
175
171
167
161
158
155
153
154
157
152
148
140
136
133
132
137
139
134
129
121
116
112
110
123
127
120
115
108
104
101
98
104
108
102
97
90
86
83
81
77
87
79
72
68
63
61
61
57
58
59
57
57
56
56
56
219
220
222
226
227
229
228
230
207
209
211
216
218
220
219
221
192
195
197
204
206
208
207
210
176
177
181
190
193
193
194
196
156
157
162
170
176
178
178
180
133
136
140
151
156
159
160
162
113
115
120
135
139
142
144
147
101
103
107
119
126
129
129
135
84
86
89
101
107
110
112
115
56
56
57
58
57
57
57
59
51
51
51
52
51
51
50
48
231
230
229
227
226
226
224
220
223
222
220
218
217
216
214
208
212
211
209
206
205
204
201
194
198
195
194
196
191
188
185
178
182
179
179
179
173
170
166
160
165
161
160
159
154
150
146
137
149
144
143
142
136
130
126
117
137
132
130
130
122
117
113
105
118
113
111
111
104
97
94
86
57
61
59
59
59
58
58
60
44
52
55
53
52
51
50
50
225
224
226
228
228
231
231
231
214
213
216
218
219
222
223
223
201
200
203
207
208
213
213
213
184
185
188
193
194
197
197
200
165
167
172
177
179
180
180
183
144
146
151
157
161
162
162
166
123
126
132
140
144
146
146
151
111
113
119
128
131
134
134
139
92
95
101
109
113
116
116
121
60
65
65
67
68
66
71
73
55
57
58
60
62
59
65
69
232
231
230
228
227
226
225
223
225
223
221
219
217
216
215
213
215
213
210
207
206
203
202
199
204
199
198
194
194
192
189
186
188
184
181
180
178
174
171
168
170
166
163
162
159
155
151
147
157
151
147
145
141
135
131
126
146
139
136
133
128
122
118
114
127
122
118
114
110
104
99
95
86
82
78
77
68
66
64
65
76
70
68
64
61
59
61
61
224
226
226
229
231
232
232
236
214
216
217
220
222
225
225
229
200
204
203
209
211
215
215
221
186
188
190
194
197
199
201
208
167
170
172
178
182
183
187
193
146
149
153
157
162
165
169
177
126
129
133
139
145
150
155
164
113
116
121
127
132
138
143
153
95
97
102
109
115
121
127
134
63
67
72
77
83
87
91
87
58
64
68
72
77
80
85
77
237
229
223
222
221
222
226
224
232
220
212
211
210
212
217
214
224
209
199
197
196
198
205
201
212
195
184
182
179
183
188
186
199
179
165
163
160
164
170
168
183
162
145
142
138
144
149
146
170
144
126
123
119
123
129
127
159
133
115
112
107
112
116
114
143
116
99
95
91
93
98
94
89
85
83
78
72
70
68
65
83
81
78
69
66
62
60
58
220
220
223
223
225
232
237
240
208
209
212
213
215
224
231
235
193
195
198
199
202
214
223
228
178
180
183
186
189
199
213
219
158
161
164
168
171
185
201
207
137
139
143
146
151
169
185
193
116
120
124
128
133
153
172
181
105
108
112
116
121
142
162
172
87
90
94
99
104
126
147
156
75
74
89
93
98
105
123
140
55
70
82
84
90
99
113
126
242
239
233
231
231
229
227
220
236
234
225
223
222
220
218
209
231
227
215
212
211
208
206
195
224
220
205
200
196
193
190
181
212
209
191
183
181
176
173
161
198
196
175
166
160
156
152
139
187
183
160
148
144
138
133
119
178
172
150
137
131
125
121
107
164
158
135
120
113
107
102
88
147
141
125
110
100
95
88
73
137
133
123
101
93
85
72
59
224
224
227
228
231
236
238
241
213
214
218
219
223
229
233
237
198
201
205
207
212
220
225
230
183
187
191
196
201
207
217
225
164
170
173
181
185
191
207
214
142
148
153
159
167
178
192
203
122
127
134
141
150
162
177
189
110
115
121
128
139
152
168
180
90
96
102
110
123
139
154
163
80
83
96
109
121
129
148
168
66
74
84
100
111
120
133
158
241
239
237
231
229
226
224
223
238
234
231
222
220
217
213
212
233
227
223
211
208
206
201
199
224
220
208
200
194
189
186
182
217
209
194
185
176
171
168
164
205
196
179
168
157
151
148
143
194
185
164
152
139
133
128
123
185
175
155
140
127
120
116
110
174
161
141
124
109
103
98
92
173
150
135
116
106
100
94
81
169
140
127
107
91
87
83
60
224
224
227
229
231
234
240
243
213
215
217
220
223
227
236
240
200
202
206
208
212
218
230
235
183
187
191
195
202
209
223
230
164
169
173
178
187
195
213
222
144
148
153
158
169
180
200
211
124
129
134
141
154
166
187
201
111
117
122
128
144
156
179
193
92
99
104
111
128
143
169
184
84
84
89
97
115
139
145
193
76
80
83
86
105
126
138
186
241
240
237
233
230
228
223
222
238
236
231
224
221
219
212
211
232
230
222
213
210
207
199
197
233
229
217
204
200
193
188
182
227
221
206
188
185
175
167
163
219
210
193
172
166
155
147
142
209
199
178
155
149
136
127
121
203
192
169
144
137
125
116
109
192
181
156
129
121
107
98
91
197
162
152
125
115
103
102
83
191
150
143
118
104
95
85
79
224
225
229
232
236
239
242
244
214
215
221
224
229
234
239
242
199
201
209
213
220
227
235
239
184
187
199
208
214
221
230
235
165
170
183
195
204
211
222
229
144
151
164
178
191
200
212
220
125
131
145
161
175
185
202
212
113
119
135
151
165
177
195
205
95
101
117
136
151
164
186
196
88
105
111
126
143
160
181
211
81
88
99
110
128
143
173
204
245
244
239
234
232
228
226
225
243
243
234
227
224
219
216
215
240
239
226
218
214
207
204
202
238
233
222
213
206
196
193
185
234
226
211
200
186
181
172
166
228
218
200
184
169
158
153
146
221
208
186
168
152
139
133
126
216
201
178
156
141
128
122
115
209
191
164
141
124
110
104
96
217
197
158
135
124
107
104
97
214
187
147
123
107
95
84
82
226
228
230
233
238
243
244
244
217
220
221
225
233
240
242
243
204
208
210
215
225
236
238
239
188
192
196
204
214
223
234
236
169
175
179
188
204
213
229
232
148
154
159
171
190
202
220
226
129
135
141
154
176
189
212
218
117
123
129
142
164
181
205
212
98
105
111
125
149
168
196
204
100
102
107
119
142
156
197
225
84
83
85
104
129
145
188
221
245
245
244
238
234
230
226
225
244
243
241
233
226
221
216
216
242
240
237
225
216
210
204
203
237
235
224
214
207
198
192
187
233
230
215
204
190
180
174
169
227
221
205
190
172
158
153
148
218
211
191
175
154
141
133
128
213
204
183
162
142
129
121
116
205
195
170
148
125
112
103
98
232
194
158
135
116
105
105
98
228
187
144
120
101
90
84
82
227
230
232
234
239
243
245
246
217
221
224
227
233
239
243
244
204
210
214
218
225
234
239
242
189
195
200
208
215
229
235
239
171
178
185
192
204
221
230
235
149
158
166
178
191
212
222
229
130
138
148
161
175
200
213
220
118
126
136
149
164
193
207
215
99
107
118
133
148
180
195
207
97
105
110
136
151
172
190
231
83
92
101
117
133
159
177
225
245
243
242
235
235
232
230
228
244
240
238
228
228
224
222
218
241
236
233
219
218
214
211
206
238
232
220
209
206
200
198
191
233
224
208
198
193
185
178
174
226
213
196
183
174
167
160
153
217
201
181
167
155
148
140
133
211
193
171
159
143
136
128
120
202
181
156
143
126
117
109
101
225
188
159
128
122
108
107
100
218
175
145
110
101
90
88
83
226
230
233
234
236
241
246
245
217
222
224
227
230
237
244
244
206
211
214
218
221
231
241
241
193
197
204
208
213
223
228
237
175
181
189
194
205
215
220
231
154
162
169
179
189
205
210
223
135
142
152
162
174
190
197
213
122
130
139
151
162
179
190
206
103
111
121
133
146
163
175
195
106
111
112
125
143
161
170
186
85
92
100
108
124
145
157
173
245
245
242
238
235
234
231
228
243
244
239
232
228
225
223
219
239
240
233
224
219
216
212
206
236
228
221
217
210
204
198
192
229
219
214
206
196
190
182
175
220
209
203
192
180
169
163
152
209
196
189
176
162
153
144
135
202
188
178
165
151
141
130
122
189
172
161
150
134
121
111
102
181
164
157
153
135
124
111
99
168
152
141
121
110
98
93
84
228
232
234
236
239
239
244
245
219
224
227
230
234
234
242
243
207
213
217
221
226
227
237
240
194
200
204
209
213
219
225
235
176
183
188
195
204
208
215
227
157
164
170
178
188
195
203
217
136
144
151
159
170
179
189
207
124
131
138
147
158
167
180
198
104
112
119
128
141
151
164
185
100
96
109
118
127
147
159
177
83
89
102
108
120
137
151
170
244
243
243
240
237
234
232
228
241
240
239
235
231
226
224
220
237
235
233
227
222
217
213
207
234
229
222
218
214
205
200
195
227
220
210
205
200
189
184
178
217
209
199
190
182
171
164
158
206
195
183
172
164
151
145
137
197
186
173
161
151
139
132
124
183
172
157
143
133
122
112
104
151
140
129
131
123
108
97
85
141
123
115
107
98
85
75
69
229
230
232
234
238
240
244
244
220
222
225
227
231
235
242
241
208
211
215
217
223
228
237
237
195
201
206
209
215
220
225
232
178
185
191
194
203
212
216
224
157
166
172
178
188
200
204
215
137
145
153
158
171
184
190
202
123
132
140
146
159
172
180
194
103
112
120
126
139
154
163
179
82
89
96
108
116
121
131
138
73
81
84
88
99
107
128
132
243
243
241
238
236
236
233
231
240
240
237
232
229
229
226
222
235
235
231
223
219
221
216
211
229
227
221
218
208
207
199
198
219
217
211
203
195
191
185
180
209
208
200
191
181
174
167
161
198
195
185
174
161
154
146
139
189
186
174
163
149
142
133
126
173
169
155
142
128
120
112
106
125
126
127
122
117
105
96
88
107
105
105
100
92
88
82
78
230
231
233
236
237
238
241
242
221
223
225
229
231
232
236
238
210
212
215
220
222
224
230
233
193
199
202
207
213
214
222
222
178
182
188
191
200
206
212
215
157
163
168
175
186
193
199
201
136
141
149
155
167
179
185
187
122
127
135
142
156
164
174
176
102
106
113
121
136
146
157
160
84
92
101
114
127
144
142
146
72
72
76
80
89
110
110
115
237
238
237
235
234
231
230
229
231
233
232
229
227
223
222
220
224
226
224
220
217
213
211
209
217
216
214
208
205
200
196
191
205
204
201
195
189
183
179
175
191
190
187
179
171
166
159
156
176
175
170
161
151
145
139
135
165
164
160
149
139
132
126
121
148
146
142
129
117
111
105
100
142
141
135
125
118
113
107
100
108
105
99
96
78
71
67
55
224
225
228
230
232
235
238
235
213
214
219
222
225
228
232
230
200
202
207
211
215
219
224
221
184
188
195
200
206
208
212
212
166
169
178
185
192
198
199
201
144
150
158
167
175
182
185
187
120
127
136
147
156
165
167
171
107
114
123
135
144
152
157
160
89
94
102
114
123
133
138
142
75
83
96
104
115
129
127
132
65
74
79
84
86
93
95
101
229
230
228
226
225
226
224
224
221
221
218
216
215
216
213
214
210
211
207
204
203
204
199
200
201
199
195
192
189
189
187
184
187
183
179
177
172
171
168
167
169
167
162
158
152
150
148
145
151
147
140
135
130
128
126
123
138
135
127
123
117
115
113
109
119
116
108
103
96
94
93
90
104
100
97
90
88
84
82
77
96
95
92
86
83
81
68
64
228
226
229
229
227
230
232
231
219
216
220
220
218
222
223
223
207
203
208
209
206
212
213
213
189
190
194
194
194
199
200
204
171
171
178
179
180
184
188
189
151
153
159
160
164
167
170
171
128
131
137
139
143
146
150
152
114
118
123
125
130
135
138
140
94
97
102
105
110
115
119
121
96
102
107
114
118
122
121
121
70
75
76
83
88
91
91
92
227
226
225
222
224
224
223
222
218
216
216
211
213
214
212
211
207
205
204
199
200
200
198
197
195
193
189
187
183
184
185
180
181
180
175
170
167
167
166
164
164
161
158
152
147
145
147
144
144
141
137
130
125
122
121
118
132
129
125
118
112
109
108
104
113
103
105
98
93
89
88
85
102
103
99
97
90
86
85
80
85
87
89
79
71
71
67
61
222
222
221
221
222
222
223
221
210
212
210
210
211
211
213
210
196
198
196
197
197
197
201
197
181
180
181
181
183
184
186
188
162
162
163
165
167
168
170
171
140
141
143
145
147
150
151
153
117
118
121
121
125
127
130
132
104
105
108
109
112
115
118
121
85
86
89
90
93
96
99
101
75
78
85
86
89
91
93
94
61
64
67
69
71
78
84
85
224
225
224
222
223
220
219
215
215
216
214
211
212
209
207
203
202
203
202
198
199
195
192
187
190
189
188
188
183
180
173
169
173
172
173
170
166
161
156
148
156
155
154
152
145
140
134
128
138
134
135
131
124
119
112
106
126
122
122
119
111
105
99
93
107
104
103
100
91
84
82
75
102
98
96
94
86
80
75
72
82
83
83
80
68
60
58
57
214
219
221
223
222
224
226
226
201
206
210
212
211
214
216
216
185
192
196
199
197
201
203
203
170
172
180
180
184
187
189
189
150
155
161
164
165
168
170
173
129
134
141
143
146
149
151
152
106
111
118
121
123
129
130
132
93
98
105
107
111
117
117
119
78
80
86
89
91
96
98
99
74
74
78
85
86
91
98
102
55
58
60
64
67
74
79
81
227
227
227
224
223
222
220
216
217
218
217
214
213
211
209
204
205
207
206
201
200
197
195
188
190
191
190
188
185
181
177
172
175
175
174
170
165
163
157
152
155
155
154
151
146
141
135
131
137
135
134
131
125
121
112
108
123
122
120
118
111
107
98
95
105
102
101
98
92
88
81
77
93
89
88
85
79
77
71
62
76
71
67
67
63
59
57
54
216
218
222
223
224
224
227
226
203
207
211
213
213
214
217
217
188
192
197
199
199
200
205
205
171
176
181
184
185
186
192
191
150
157
162
165
168
170
175
174
131
137
142
143
148
152
155
157
109
113
120
124
128
131
135
137
96
101
107
110
115
118
122
124
71
82
87
91
96
98
103
105
71
74
74
78
79
82
85
86
55
56
58
60
62
65
71
80
226
226
224
224
222
222
218
218
215
217
214
214
210
211
206
206
203
205
201
201
197
197
192
191
192
189
187
189
184
180
175
172
178
174
176
169
165
161
157
152
158
154
154
152
143
141
137
129
138
135
133
130
124
119
113
108
126
122
120
117
111
106
100
95
106
102
101
97
91
86
82
77
87
84
82
81
79
76
73
76
75
73
70
68
63
60
56
55
216
218
222
223
224
225
227
225
204
206
211
211
213
214
218
215
188
192
197
197
201
202
205
203
172
174
179
183
184
188
191
190
152
156
161
165
166
172
173
173
132
135
141
144
150
152
154
156
108
111
118
122
127
130
130
134
95
99
104
108
114
117
118
121
78
82
86
89
95
97
98
102
70
71
74
76
79
80
83
88
56
58
61
63
68
69
70
73
226
225
223
224
221
220
219
217
216
215
212
214
211
208
208
205
203
202
199
200
197
194
193
190
190
188
186
184
180
178
176
173
173
170
167
166
161
159
156
152
152
150
148
144
140
137
134
131
131
129
125
122
118
114
111
108
117
116
113
109
105
99
99
95
98
94
93
88
84
81
79
76
66
66
70
72
69
68
67
65
54
54
52
50
50
53
54
55
217
219
221
223
224
225
224
227
204
209
210
212
213
215
215
217
189
193
196
199
200
202
202
205
173
176
179
182
184
186
187
189
152
156
159
163
166
169
168
170
130
134
138
142
145
148
149
150
107
111
116
119
122
126
126
128
95
98
102
106
109
113
113
114
76
79
82
86
90
93
92
93
64
67
67
68
67
69
68
70
48
48
47
47
47
46
46
43
227
225
224
223
223
222
220
219
217
215
212
211
211
210
208
206
204
202
200
198
197
197
193
191
188
186
185
184
182
179
176
175
169
168
167
165
163
160
156
154
149
148
146
144
142
138
134
133
126
124
123
121
119
116
111
109
112
111
110
108
105
102
98
97
92
90
89
88
84
82
78
77
73
74
73
74
73
70
66
66
49
49
48
48
51
53
53
52
219
220
220
222
222
223
224
224
207
209
209
211
210
212
214
213
192
194
195
198
197
199
201
201
175
177
179
181
183
185
185
187
155
157
159
163
164
166
167
168
133
135
138
141
143
145
147
148
110
112
115
117
120
122
123
124
97
99
102
105
108
109
111
111
77
79
84
86
87
88
90
90
68
68
70
69
70
70
72
73
52
53
53
53
53
53
52
53
223
226
222
223
223
218
216
215
212
216
211
213
212
206
204
202
198
204
198
199
198
191
189
187
186
187
184
183
181
175
173
170
168
169
166
164
163
155
152
149
147
146
145
143
141
133
129
126
123
123
122
120
117
110
108
105
110
109
108
107
104
98
95
93
89
89
88
86
85
79
77
75
73
73
73
72
71
71
69
68
53
54
53
53
53
53
52
52
217
217
220
221
222
223
222
223
205
205
209
210
210
212
210
212
189
190
194
195
196
198
197
198
169
173
174
178
181
181
183
182
149
152
155
158
162
163
164
164
126
130
132
136
140
142
144
143
105
108
111
114
116
119
118
120
93
96
98
101
104
105
107
105
75
77
79
81
84
85
87
87
66
67
68
71
70
70
70
73
55
56
56
57
57
57
56
54
222
221
221
220
219
217
218
215
211
210
209
208
208
205
206
203
197
196
196
194
193
191
191
187
182
181
180
178
177
174
172
168
165
163
161
159
158
155
152
148
142
141
140
138
136
133
129
126
119
118
117
115
113
111
108
105
105
105
104
102
100
98
96
93
86
85
84
83
81
80
78
75
73
71
73
73
71
66
66
65
56
56
57
58
56
55
54
52
214
215
215
219
219
219
220
223
202
203
203
206
206
207
209
212
187
188
187
191
192
194
195
199
168
171
172
173
174
178
180
182
147
150
150
153
155
158
161
163
125
127
129
131
132
137
140
140
103
107
107
111
111
114
117
118
92
95
96
98
98
101
104
104
75
77
78
80
81
83
85
84
63
65
67
67
70
70
74
73
54
54
55
56
57
57
57
55
