100  100
100  111
100  112
100  116
100  142
100  55
100  59
100  63
100  64
100  65
100  66
100  74
100  81
100  94
101  101
101  105
101  110
101  114
101  118
101  119
101  138
101  143
101  152
101  55
101  58
101  58
101  59
101  84
101  90
101  93
101  95
101  97
101  99
102  100
102  100
102  105
102  107
102  110
102  111
102  123
102  123
102  124
102  124
102  132
102  142
102  149
102  160
102  165
102  166
102  61
102  65
102  66
102  91
102  92
102  92
102  93
103  102
103  108
103  109
103  116
103  131
103  131
103  144
103  154
103  66
103  86
103  88
103  90
103  97
104  101
104  104
104  105
104  112
104  116
104  118
104  126
104  128
104  128
104  130
104  132
104  134
104  160
104  56
104  59
104  67
104  80
104  83
104  89
104  94
104  95
104  96
104  98
105  100
105  103
105  103
105  111
105  111
105  112
105  112
105  115
105  125
105  130
105  130
105  130
105  133
105  133
105  134
105  134
105  134
105  138
105  139
105  149
105  152
105  57
105  61
105  67
105  67
105  68
105  68
105  82
105  88
105  89
105  93
105  96
106  103
106  111
106  119
106  119
106  129
106  135
106  172
106  66
106  67
106  97
107  102
107  102
107  104
107  106
107  112
107  114
107  118
107  120
107  124
107  125
107  134
107  139
107  141
107  172
107  57
107  57
107  62
107  68
107  68
107  68
107  68
107  87
107  89
107  90
107  91
107  94
107  99
108  104
108  107
108  111
108  112
108  114
108  117
108  117
108  117
108  118
108  118
108  119
108  119
108  120
108  126
108  135
108  140
108  142
108  143
108  148
108  60
108  61
108  68
108  76
108  78
108  97
108  99
109  111
109  113
109  113
109  114
109  119
109  122
109  125
109  140
109  142
109  146
109  149
109  157
109  66
109  69
109  89
109  91
109  94
109  96
109  98
110  104
110  105
110  107
110  112
110  117
110  117
110  123
110  125
110  126
110  132
110  151
110  160
110  57
110  59
110  59
110  63
110  67
110  84
110  90
110  93
110  94
110  96
111  100
111  103
111  103
111  107
111  109
111  116
111  117
111  119
111  123
111  123
111  124
111  126
111  126
111  126
111  127
111  130
111  136
111  142
111  142
111  142
111  159
111  160
111  163
111  54
111  68
111  70
111  70
111  86
111  88
111  93
111  96
112  100
112  101
112  104
112  106
112  113
112  128
112  129
112  130
112  133
112  146
112  166
112  72
112  88
112  95
112  95
112  98
112  98
113  105
113  108
113  108
113  109
113  109
113  110
113  112
113  115
113  123
113  125
113  126
113  130
113  141
113  156
113  161
113  165
113  53
113  91
113  97
113  99
114  103
114  107
114  109
114  116
114  119
114  119
114  121
114  129
114  131
114  133
114  134
114  160
114  169
114  95
115  105
115  105
115  114
115  115
115  115
115  118
115  121
115  129
115  136
115  136
115  137
115  144
115  157
115  66
115  67
115  68
115  93
115  93
115  97
115  99
116  103
116  108
116  109
116  109
116  116
116  125
116  137
116  138
116  139
116  169
116  68
116  72
116  80
116  86
116  92
116  95
116  97
116  98
116  99
117  101
117  103
117  112
117  113
117  116
117  121
117  123
117  132
117  141
117  143
117  145
117  146
117  155
117  159
117  163
117  169
117  176
117  59
117  82
117  93
117  97
118  100
118  101
118  110
118  117
118  126
118  126
118  138
118  139
118  142
118  143
118  143
118  144
118  147
118  147
118  149
118  151
118  152
118  160
118  175
118  56
118  72
118  92
118  95
119  101
119  106
119  113
119  113
119  116
119  129
119  141
119  143
119  145
119  146
119  147
119  148
119  151
119  163
119  163
119  67
119  96
120  102
120  103
120  105
120  107
120  109
120  116
120  119
120  120
120  138
120  153
120  154
120  155
120  158
120  173
120  53
120  58
120  63
120  88
121  104
121  105
121  108
121  110
121  113
121  120
121  121
121  131
121  139
121  140
121  141
121  142
121  143
121  148
121  148
121  152
121  156
121  164
121  183
121  60
121  64
121  81
121  83
121  92
121  94
121  96
121  98
121  98
121  99
122  100
122  102
122  102
122  104
122  106
122  113
122  116
122  117
122  119
122  138
122  144
122  154
122  155
122  158
122  160
122  161
122  163
122  164
122  173
122  180
122  180
122  73
122  91
122  96
123  101
123  102
123  111
123  113
123  115
123  119
123  124
123  126
123  127
123  127
123  129
123  132
123  155
123  163
123  169
123  169
123  170
123  172
123  52
123  53
123  57
123  66
123  79
123  83
124  108
124  108
124  112
124  116
124  146
124  156
124  156
124  171
124  172
124  174
124  61
124  71
124  73
124  84
124  84
125  100
125  104
125  109
125  124
125  131
125  131
125  136
125  146
125  149
125  155
125  159
125  167
125  63
125  66
125  76
125  87
125  90
125  97
126  101
126  104
126  104
126  108
126  109
126  116
126  120
126  121
126  122
126  122
126  123
126  124
126  128
126  133
126  133
126  134
126  135
126  174
126  176
126  177
126  190
126  190
126  51
126  56
126  74
126  83
126  95
127  101
127  105
127  107
127  110
127  115
127  118
127  120
127  122
127  125
127  130
127  132
127  134
127  135
127  169
127  172
127  56
127  72
127  91
127  93
128  102
128  103
128  104
128  106
128  110
128  113
128  114
128  116
128  118
128  131
128  132
128  134
128  136
128  142
128  156
128  181
128  57
128  72
128  77
128  82
128  95
128  99
129  109
129  116
129  121
129  121
129  126
129  126
129  128
129  128
129  130
129  133
129  135
129  136
129  137
129  139
129  140
129  141
129  143
129  162
129  165
129  180
129  59
129  63
129  74
129  81
129  98
129  98
130  105
130  110
130  112
130  120
130  124
130  125
130  134
130  135
130  139
130  140
130  142
130  147
130  154
130  170
130  172
130  174
130  181
130  185
131  102
131  109
131  113
131  119
131  122
131  139
131  140
131  140
131  143
131  143
131  144
131  163
131  164
131  174
131  187
131  74
131  78
132  110
132  113
132  118
132  126
132  127
132  130
132  133
132  135
132  139
132  145
132  146
132  147
132  162
132  175
132  176
132  71
133  103
133  106
133  107
133  109
133  115
133  115
133  116
133  120
133  121
133  123
133  131
133  134
133  136
133  145
133  146
133  147
133  148
133  185
133  53
133  60
133  63
133  94
133  97
133  98
134  101
134  114
134  117
134  118
134  119
134  134
134  150
134  150
134  150
134  152
134  153
134  171
134  189
134  194
134  96
135  115
135  116
135  118
135  126
135  130
135  130
135  132
135  134
135  135
135  140
135  141
135  142
135  146
135  151
135  151
135  152
135  158
135  174
135  176
135  185
135  189
135  68
135  68
135  72
135  74
135  84
135  95
136  102
136  103
136  108
136  114
136  120
136  124
136  129
136  132
136  136
136  137
136  139
136  153
136  154
136  78
136  82
137  100
137  124
137  125
137  128
137  130
137  136
137  141
137  145
137  148
137  151
137  152
137  152
137  155
137  156
137  168
137  180
137  183
137  63
137  66
137  93
138  109
138  114
138  115
138  118
138  126
138  142
138  146
138  149
138  159
138  159
138  160
138  160
138  161
138  199
138  200
138  55
138  77
139  106
139  107
139  111
139  112
139  113
139  116
139  121
139  123
139  128
139  130
139  133
139  135
139  136
139  138
139  138
139  150
139  69
139  79
139  95
140  114
140  122
140  132
140  138
140  141
140  148
140  155
140  161
140  162
140  164
140  165
140  165
140  166
140  169
140  48
140  55
140  75
140  96
141  105
141  110
141  110
141  111
141  112
141  115
141  127
141  137
141  137
141  161
141  161
141  164
141  166
141  166
141  167
141  168
141  170
141  173
141  50
141  60
141  66
141  77
141  84
141  95
142  101
142  117
142  121
142  124
142  128
142  128
142  130
142  134
142  135
142  136
142  138
142  141
142  142
142  150
142  159
142  169
142  169
142  170
142  173
142  71
142  94
142  98
143  102
143  104
143  105
143  109
143  126
143  138
143  138
143  160
143  161
143  166
143  170
143  170
143  175
143  175
143  176
143  176
143  54
143  56
143  73
143  75
143  80
143  82
144  111
144  116
144  124
144  127
144  127
144  130
144  132
144  134
144  137
144  140
144  141
144  142
144  145
144  149
144  152
144  154
144  173
144  174
144  176
144  177
144  178
144  58
144  91
144  93
145  105
145  123
145  123
145  127
145  128
145  130
145  143
145  148
145  160
145  174
145  176
145  179
145  181
145  183
145  59
145  59
145  61
145  62
146  102
146  115
146  125
146  126
146  129
146  131
146  131
146  133
146  135
146  135
146  143
146  143
146  145
146  146
146  147
146  169
146  172
146  176
146  184
146  189
147  118
147  127
147  128
147  143
147  143
147  153
147  153
147  155
147  158
147  159
147  168
147  180
147  191
147  192
147  48
147  55
147  76
147  81
148  110
148  114
148  115
148  130
148  130
148  136
148  138
148  139
148  147
148  149
148  151
148  154
148  155
148  162
148  175
148  188
148  192
148  193
148  194
148  69
148  87
148  90
149  104
149  105
149  133
149  135
149  137
149  143
149  144
149  144
149  148
149  156
149  157
149  183
149  195
149  197
149  81
150  107
150  121
150  147
150  154
150  155
150  155
150  157
150  158
150  162
150  165
150  173
150  189
150  192
150  198
150  199
150  54
150  63
150  93
150  99
151  104
151  109
151  112
151  121
151  124
151  125
151  128
151  128
151  128
151  135
151  136
151  145
151  147
151  148
151  151
151  155
151  160
151  161
151  184
151  188
151  191
151  67
151  78
151  78
151  79
151  93
152  106
152  108
152  119
152  136
152  140
152  154
152  157
152  157
152  157
152  157
152  160
152  160
152  160
152  162
152  162
152  163
152  163
152  163
152  164
152  165
152  173
152  175
152  184
152  191
152  193
152  193
152  201
152  204
152  60
152  63
152  89
153  106
153  118
153  125
153  128
153  132
153  135
153  136
153  137
153  138
153  145
153  154
153  159
153  162
153  162
153  194
153  72
154  105
154  110
154  112
154  122
154  134
154  136
154  140
154  151
154  160
154  161
154  167
154  189
154  202
154  202
154  203
154  204
154  77
155  102
155  118
155  118
155  127
155  129
155  147
155  148
155  156
155  166
155  166
155  167
155  168
155  169
155  173
155  191
155  192
155  196
155  206
155  89
156  138
156  146
156  155
156  156
156  160
156  161
156  163
156  166
156  170
156  171
156  171
156  172
156  173
156  209
156  213
156  70
156  76
156  77
156  87
156  88
156  95
157  115
157  128
157  135
157  142
157  143
157  145
157  148
157  153
157  156
157  157
157  158
157  162
157  171
157  172
157  172
157  173
157  199
157  61
157  71
158  120
158  128
158  128
158  132
158  134
158  137
158  147
158  151
158  159
158  161
158  167
158  174
158  174
158  175
158  187
158  214
158  46
158  67
158  74
158  75
159  104
159  108
159  129
159  130
159  132
159  136
159  150
159  155
159  161
159  162
159  166
159  166
159  171
159  176
159  178
159  178
159  180
159  60
159  73
159  75
160  105
160  137
160  137
160  142
160  148
160  158
160  159
160  160
160  161
160  170
160  171
160  179
160  74
161  103
161  116
161  127
161  147
161  149
161  154
161  154
161  155
161  160
161  161
161  161
161  183
161  183
161  183
161  184
161  185
161  185
161  185
161  192
161  74
161  78
161  89
162  100
162  112
162  119
162  123
162  133
162  138
162  146
162  150
162  153
162  154
162  160
162  162
162  172
162  175
162  181
162  181
162  183
162  67
162  96
162  99
163  125
163  142
163  145
163  147
163  149
163  152
163  162
163  183
163  186
163  187
163  187
163  187
163  188
163  188
163  188
163  189
163  76
163  85
164  100
164  104
164  126
164  131
164  133
164  147
164  148
164  149
164  152
164  155
164  158
164  159
164  161
164  166
164  174
164  180
164  180
164  189
164  190
164  192
164  192
164  192
164  193
164  72
164  74
164  75
164  75
164  96
164  98
165  112
165  144
165  146
165  148
165  159
165  163
165  166
165  170
165  172
165  185
165  189
165  192
165  192
165  193
165  194
165  194
165  194
165  90
166  100
166  127
166  131
166  135
166  148
166  151
166  152
166  157
166  165
166  166
166  167
166  177
166  195
166  195
166  195
166  197
166  198
166  205
167  114
167  120
167  128
167  137
167  149
167  157
167  157
167  161
167  166
167  169
167  169
167  173
167  174
167  174
167  179
167  183
167  188
167  188
167  198
167  200
167  202
167  204
168  108
168  129
168  145
168  159
168  163
168  164
168  166
168  172
168  173
168  174
168  174
168  193
168  201
168  204
168  205
168  207
168  207
168  208
168  59
168  68
168  77
168  89
169  125
169  127
169  128
169  138
169  139
169  141
169  141
169  151
169  154
169  157
169  173
169  175
169  182
169  182
169  204
169  206
169  207
169  210
169  47
169  73
169  89
170  117
170  133
170  148
170  150
170  151
170  161
170  163
170  165
170  167
170  168
170  172
170  177
170  183
170  190
170  194
170  197
170  198
170  203
170  206
170  207
170  211
170  213
170  65
170  75
170  77
171  104
171  132
171  144
171  146
171  151
171  155
171  158
171  165
171  169
171  173
171  173
171  175
171  176
171  176
171  177
171  179
171  179
171  181
171  182
171  190
171  209
172  109
172  111
172  124
172  134
172  139
172  140
172  150
172  156
172  166
172  169
172  177
172  178
172  178
172  179
172  180
172  182
172  182
172  184
172  189
172  213
172  217
172  75
172  88
172  93
172  98
173  129
173  137
173  157
173  160
173  161
173  171
173  177
173  180
173  181
173  181
173  181
173  183
173  183
173  189
173  207
173  214
173  214
173  217
173  220
173  224
173  53
173  59
173  60
174  124
174  140
174  148
174  154
174  155
174  159
174  162
174  162
174  169
174  174
174  179
174  184
174  185
174  185
174  189
174  204
174  210
174  216
174  71
175  102
175  112
175  115
175  125
175  153
175  156
175  158
175  160
175  171
175  175
175  176
175  178
175  180
175  181
175  184
175  186
175  186
175  187
175  187
175  202
175  205
175  207
175  211
175  56
175  84
175  90
176  108
176  125
176  157
176  159
176  162
176  163
176  175
176  175
176  176
176  177
176  182
176  189
176  189
176  189
176  189
176  219
177  101
177  155
177  173
177  176
177  186
177  190
177  191
177  191
177  57
177  74
177  90
178  103
178  110
178  123
178  127
178  137
178  152
178  152
178  154
178  156
178  160
178  166
178  168
178  169
178  169
178  172
178  176
178  177
178  178
178  179
178  179
178  182
178  186
178  189
178  191
178  193
178  193
178  194
178  225
178  92
178  95
179  105
179  122
179  130
179  132
179  141
179  152
179  154
179  166
179  169
179  173
179  176
179  178
179  178
179  179
179  180
179  186
179  190
179  190
179  195
179  196
179  196
179  199
179  87
180  118
180  120
180  143
180  145
180  155
180  170
180  170
180  172
180  173
180  173
180  179
180  180
180  188
180  197
180  197
180  198
180  199
180  199
180  199
180  200
180  201
180  204
180  207
180  76
180  95
181  111
181  118
181  152
181  158
181  158
181  160
181  168
181  172
181  175
181  178
181  194
181  197
181  198
181  199
181  201
181  202
181  202
181  203
181  204
181  207
181  208
181  66
181  69
181  75
181  80
181  95
182  157
182  163
182  165
182  167
182  171
182  178
182  178
182  180
182  188
182  195
182  202
182  203
182  203
182  206
182  206
183  107
183  111
183  136
183  142
183  143
183  147
183  155
183  165
183  167
183  169
183  174
183  176
183  177
183  179
183  183
183  195
183  201
183  204
183  206
183  207
183  207
183  209
183  211
183  95
184  130
184  153
184  166
184  169
184  170
184  170
184  182
184  184
184  188
184  190
184  198
184  202
184  202
184  207
184  208
184  208
184  208
184  209
184  210
184  215
184  216
184  69
185  102
185  104
185  133
185  146
185  149
185  149
185  150
185  156
185  159
185  161
185  171
185  173
185  174
185  179
185  183
185  184
185  191
185  191
185  191
185  194
185  197
185  206
185  206
185  211
185  212
185  216
185  89
185  96
186  106
186  130
186  144
186  158
186  167
186  178
186  178
186  182
186  182
186  183
186  186
186  191
186  210
186  215
186  217
186  217
186  217
186  218
186  45
186  67
186  74
187  108
187  146
187  162
187  169
187  173
187  174
187  177
187  179
187  190
187  191
187  192
187  192
187  192
187  193
187  197
187  198
187  198
187  208
187  214
187  216
187  219
187  219
187  221
187  47
187  49
187  99
188  108
188  146
188  153
188  156
188  166
188  168
188  170
188  171
188  172
188  183
188  184
188  185
188  186
188  186
188  188
188  189
188  193
188  195
188  197
188  198
188  199
188  206
188  212
188  219
188  220
188  221
188  221
188  222
188  223
188  53
188  74
189  108
189  108
189  123
189  131
189  145
189  156
189  161
189  166
189  172
189  174
189  177
189  182
189  188
189  191
189  193
189  194
189  194
189  194
189  195
189  196
189  197
189  206
189  214
189  216
189  218
189  218
189  223
189  225
189  227
189  86
190  105
190  118
190  132
190  136
190  152
190  156
190  161
190  166
190  179
190  185
190  189
190  190
190  194
190  194
190  194
190  196
190  197
190  198
190  216
190  220
190  226
190  228
190  231
190  73
191  107
191  128
191  139
191  142
191  149
191  176
191  176
191  176
191  176
191  179
191  182
191  187
191  188
191  191
191  192
191  192
191  194
191  195
191  196
191  197
191  197
191  197
191  198
191  199
191  200
191  201
191  217
191  221
191  224
191  42
191  67
192  127
192  149
192  158
192  170
192  175
192  179
192  186
192  190
192  196
192  199
192  200
192  202
192  202
192  204
192  204
192  206
192  206
192  218
192  231
192  65
192  88
193  126
193  138
193  160
193  171
193  173
193  174
193  177
193  178
193  184
193  187
193  190
193  191
193  193
193  195
193  198
193  198
193  203
193  203
193  204
193  204
193  220
193  56
193  87
193  97
193  99
194  102
194  145
194  149
194  161
194  173
194  179
194  182
194  182
194  185
194  187
194  190
194  192
194  194
194  194
194  195
194  201
194  202
194  204
194  205
194  206
194  206
194  207
194  210
194  60
195  142
195  143
195  149
195  156
195  169
195  171
195  172
195  174
195  175
195  186
195  186
195  187
195  187
195  190
195  192
195  194
195  194
195  196
195  198
195  202
195  204
195  205
195  205
195  208
195  210
195  214
195  220
195  70
195  72
195  79
195  87
196  121
196  128
196  132
196  142
196  166
196  167
196  172
196  176
196  177
196  186
196  193
196  195
196  196
196  205
196  208
196  209
196  211
196  211
196  213
196  213
196  216
196  64
196  68
197  119
197  133
197  178
197  183
197  185
197  186
197  190
197  191
197  194
197  202
197  203
197  207
197  211
197  211
197  211
197  211
197  211
197  213
197  213
197  215
197  215
197  217
197  217
197  217
197  219
197  219
197  223
197  224
197  225
197  55
197  63
197  68
198  117
198  136
198  154
198  168
198  173
198  177
198  182
198  185
198  187
198  190
198  192
198  194
198  194
198  202
198  203
198  206
198  212
198  214
198  215
198  215
198  215
198  218
198  219
198  225
198  225
199  100
199  164
199  164
199  169
199  169
199  183
199  183
199  184
199  184
199  187
199  188
199  191
199  192
199  195
199  195
199  195
199  203
199  205
199  209
199  214
199  215
199  215
199  216
199  216
199  217
199  218
199  218
199  219
199  220
199  222
200  111
200  124
200  130
200  131
200  152
200  169
200  170
200  174
200  175
200  175
200  175
200  177
200  181
200  181
200  188
200  193
200  194
200  195
200  196
200  198
200  198
200  200
200  200
200  203
200  205
200  211
200  215
200  216
200  218
200  219
200  219
200  220
200  221
201  100
201  112
201  156
201  171
201  181
201  186
201  190
201  191
201  192
201  195
201  197
201  198
201  199
201  204
201  205
201  206
201  211
201  211
201  211
201  221
201  223
201  223
201  224
201  225
201  227
201  229
201  231
201  87
202  100
202  107
202  134
202  160
202  167
202  184
202  187
202  193
202  197
202  200
202  203
202  204
202  205
202  206
202  225
202  226
202  227
202  228
202  230
202  230
202  233
202  71
203  137
203  150
203  156
203  184
203  190
203  190
203  198
203  198
203  200
203  206
203  206
203  207
203  208
203  208
203  209
203  211
203  212
203  226
203  227
203  232
203  234
203  235
203  237
203  86
204  150
204  154
204  157
204  160
204  167
204  173
204  176
204  176
204  179
204  182
204  186
204  187
204  187
204  188
204  188
204  190
204  196
204  199
204  200
204  206
204  206
204  208
204  209
204  209
204  210
204  210
204  212
204  212
204  217
204  225
204  228
204  229
204  42
204  64
204  90
205  128
205  135
205  145
205  166
205  170
205  179
205  190
205  195
205  199
205  203
205  203
205  208
205  208
205  208
205  208
205  210
205  211
205  211
205  227
205  228
205  229
205  229
205  231
205  235
205  235
205  64
205  85
205  88
206  101
206  146
206  149
206  169
206  171
206  180
206  190
206  191
206  193
206  193
206  195
206  195
206  195
206  200
206  202
206  204
206  205
206  205
206  206
206  209
206  209
206  210
206  210
206  210
206  210
206  211
206  213
206  213
206  213
206  214
206  216
206  217
206  220
206  226
207  131
207  151
207  160
207  166
207  173
207  181
207  189
207  192
207  197
207  198
207  199
207  202
207  202
207  202
207  204
207  206
207  210
207  210
207  210
207  211
207  211
207  212
207  214
207  216
207  216
207  216
207  217
207  226
207  229
207  67
207  93
208  102
208  162
208  162
208  169
208  174
208  177
208  178
208  187
208  188
208  191
208  193
208  193
208  196
208  197
208  202
208  203
208  205
208  207
208  210
208  210
208  211
208  213
208  213
208  215
208  215
208  216
208  217
208  218
209  100
209  120
209  150
209  151
209  156
209  162
209  166
209  175
209  184
209  186
209  189
209  191
209  195
209  201
209  201
209  204
209  206
209  207
209  208
209  209
209  215
209  216
209  217
209  217
209  217
209  219
209  220
209  221
209  224
209  58
210  127
210  146
210  181
210  184
210  187
210  188
210  189
210  190
210  202
210  203
210  207
210  211
210  216
210  217
210  219
210  219
210  220
210  221
210  221
210  222
210  222
210  223
210  226
210  226
210  226
210  228
210  232
211  104
211  127
211  153
211  153
211  187
211  190
211  193
211  195
211  196
211  200
211  201
211  202
211  202
211  202
211  208
211  209
211  211
211  214
211  215
211  216
211  218
211  221
211  221
211  221
211  222
211  223
211  223
211  224
211  224
211  225
211  226
211  227
211  227
211  227
211  227
211  231
211  232
211  233
211  59
211  93
212  100
212  103
212  128
212  139
212  159
212  184
212  184
212  188
212  190
212  192
212  197
212  199
212  199
212  201
212  205
212  205
212  208
212  208
212  209
212  215
212  217
212  218
212  221
212  223
212  223
212  224
212  224
212  225
212  225
212  225
212  227
212  228
212  228
212  228
212  230
212  232
212  86
213  107
213  114
213  140
213  147
213  155
213  172
213  176
213  177
213  183
213  188
213  191
213  199
213  201
213  202
213  202
213  206
213  207
213  207
213  208
213  208
213  209
213  210
213  210
213  211
213  211
213  212
213  216
213  223
213  225
213  225
213  225
213  226
213  226
213  227
213  227
213  231
213  233
213  237
213  87
214  160
214  170
214  171
214  173
214  176
214  184
214  187
214  191
214  194
214  194
214  194
214  204
214  209
214  210
214  210
214  210
214  211
214  211
214  213
214  215
214  216
214  216
214  216
214  216
214  217
214  221
214  222
214  228
214  228
214  229
214  231
214  231
214  232
214  234
214  235
214  236
214  36
215  157
215  166
215  176
215  179
215  180
215  185
215  191
215  198
215  199
215  199
215  199
215  202
215  202
215  203
215  204
215  205
215  208
215  210
215  213
215  216
215  217
215  217
215  217
215  218
215  218
215  220
215  222
215  232
215  233
215  234
215  235
215  239
215  239
215  239
215  90
216  190
216  192
216  198
216  201
216  201
216  205
216  209
216  210
216  211
216  212
216  212
216  212
216  217
216  219
216  219
216  220
216  220
216  220
216  221
216  222
216  222
216  222
216  232
216  233
216  234
216  234
216  234
216  237
216  241
216  82
217  107
217  151
217  158
217  170
217  170
217  170
217  187
217  201
217  202
217  203
217  203
217  203
217  205
217  205
217  207
217  209
217  211
217  212
217  214
217  215
217  218
217  218
217  219
217  219
217  219
217  219
217  219
217  219
217  220
217  220
217  221
217  221
217  221
217  232
217  233
217  235
217  235
217  235
217  237
217  240
217  57
218  101
218  101
218  130
218  182
218  188
218  194
218  195
218  195
218  197
218  205
218  206
218  208
218  209
218  214
218  215
218  217
218  217
218  218
218  221
218  221
218  223
218  224
218  225
218  225
218  225
218  228
218  233
218  235
218  239
218  44
219  129
219  170
219  181
219  189
219  190
219  198
219  199
219  201
219  204
219  207
219  209
219  210
219  211
219  215
219  216
219  216
219  218
219  221
219  221
219  221
219  221
219  221
219  221
219  222
219  223
219  223
219  224
219  224
219  225
219  225
219  225
219  225
219  226
219  227
220  104
220  129
220  132
220  150
220  167
220  173
220  175
220  179
220  183
220  184
220  189
220  203
220  203
220  205
220  206
220  207
220  210
220  212
220  214
220  214
220  214
220  215
220  215
220  216
220  218
220  218
220  219
220  220
220  221
220  221
220  223
220  223
220  224
220  225
220  226
220  226
220  226
220  226
220  228
220  228
220  228
220  231
221  134
221  151
221  161
221  173
221  186
221  191
221  200
221  202
221  203
221  204
221  204
221  204
221  208
221  210
221  212
221  215
221  215
221  218
221  219
221  222
221  226
221  226
221  227
221  228
221  229
221  229
221  229
221  229
221  230
221  231
221  233
221  234
221  237
221  36
221  98
222  136
222  149
222  152
222  174
222  192
222  198
222  202
222  205
222  207
222  208
222  208
222  213
222  213
222  214
222  214
222  215
222  215
222  216
222  217
222  217
222  218
222  219
222  220
222  222
222  224
222  225
222  225
222  227
222  228
222  228
222  229
222  229
222  229
222  229
222  230
222  230
222  231
222  231
222  231
222  232
222  232
222  233
222  234
222  234
222  234
222  237
222  237
222  238
223  143
223  169
223  176
223  184
223  186
223  192
223  200
223  202
223  207
223  210
223  211
223  212
223  212
223  212
223  212
223  213
223  214
223  218
223  218
223  219
223  219
223  220
223  220
223  223
223  225
223  227
223  231
223  232
223  232
223  232
223  232
223  232
223  232
223  232
223  232
223  233
223  233
223  234
223  234
223  234
223  234
223  234
223  235
223  237
223  241
224  163
224  172
224  177
224  181
224  195
224  199
224  200
224  200
224  200
224  202
224  203
224  205
224  208
224  208
224  214
224  214
224  216
224  218
224  218
224  219
224  219
224  220
224  220
224  221
224  221
224  221
224  221
224  222
224  223
224  225
224  226
224  226
224  226
224  228
224  229
224  230
224  232
224  232
224  234
224  234
224  234
224  235
224  235
224  236
224  236
224  236
224  237
224  238
224  239
224  239
224  240
224  242
225  180
225  188
225  193
225  193
225  193
225  194
225  201
225  204
225  204
225  211
225  212
225  212
225  212
225  214
225  214
225  215
225  216
225  216
225  221
225  222
225  223
225  225
225  225
225  226
225  228
225  237
225  237
225  237
225  238
225  239
225  242
225  243
225  42
225  52
225  66
226  131
226  138
226  154
226  191
226  204
226  206
226  214
226  214
226  215
226  215
226  217
226  219
226  220
226  220
226  221
226  222
226  222
226  222
226  222
226  223
226  224
226  228
226  228
226  228
226  230
226  238
226  238
226  238
226  239
226  239
226  241
226  242
226  242
227  132
227  153
227  177
227  189
227  189
227  190
227  192
227  198
227  203
227  203
227  208
227  208
227  209
227  213
227  215
227  215
227  216
227  216
227  218
227  218
227  224
227  225
227  226
227  227
227  228
227  235
227  238
227  238
227  238
227  239
227  239
227  239
227  240
227  242
228  129
228  185
228  188
228  198
228  204
228  209
228  211
228  211
228  212
228  216
228  217
228  218
228  219
228  220
228  221
228  222
228  224
228  224
228  225
228  229
228  229
228  229
228  232
228  233
228  35
229  135
229  154
229  155
229  170
229  171
229  180
229  199
229  200
229  204
229  212
229  212
229  215
229  217
229  217
229  219
229  220
229  221
229  222
229  224
229  224
229  225
229  228
229  228
229  229
229  229
229  231
229  231
229  233
229  235
230  157
230  157
230  172
230  172
230  188
230  188
230  197
230  206
230  215
230  215
230  215
230  216
230  216
230  218
230  219
230  224
230  225
230  225
230  227
230  228
230  229
230  230
230  232
230  234
230  235
230  236
231  165
231  197
231  199
231  201
231  206
231  206
231  213
231  214
231  215
231  217
231  218
231  219
231  219
231  220
231  221
231  223
231  224
231  225
231  226
231  226
231  227
231  227
231  227
231  228
231  230
231  232
231  238
231  64
232  154
232  182
232  184
232  209
232  212
232  213
232  213
232  213
232  215
232  217
232  219
232  222
232  222
232  222
232  223
232  224
232  225
232  225
232  230
232  232
232  234
232  235
232  239
232  56
233  153
233  160
233  173
233  175
233  187
233  200
233  201
233  204
233  207
233  207
233  208
233  210
233  213
233  215
233  216
233  219
233  223
233  228
233  231
233  234
234  154
234  175
234  189
234  204
234  204
234  205
234  206
234  207
234  212
234  215
234  215
234  216
234  218
234  219
234  219
234  222
234  224
234  225
234  225
234  233
235  158
235  174
235  177
235  177
235  184
235  190
235  195
235  208
235  211
235  216
235  220
235  220
235  220
235  221
235  222
235  222
235  236
235  237
235  238
236  175
236  188
236  192
236  197
236  203
236  203
236  210
236  213
236  216
236  217
236  225
236  227
236  229
236  230
236  232
236  232
237  176
237  183
237  193
237  207
237  210
237  211
237  212
237  214
237  217
237  217
237  218
237  218
237  222
237  227
237  227
237  233
237  237
237  238
238  175
238  180
238  191
238  201
238  203
238  212
238  216
238  218
238  218
238  223
238  229
238  230
238  231
238  235
238  238
238  239
239  178
239  191
239  192
239  192
239  194
239  200
239  203
239  204
239  213
239  216
239  217
239  217
239  218
239  219
239  220
239  225
239  227
240  191
240  194
240  204
240  205
240  206
240  208
240  210
240  215
240  215
240  220
240  221
240  228
240  228
240  229
240  230
241  196
241  199
241  203
241  208
241  212
241  216
241  221
241  222
241  222
241  226
241  234
241  237
242  195
242  196
242  205
242  207
242  213
242  219
242  221
242  222
242  223
242  227
242  236
243  206
243  206
243  207
243  208
243  208
243  215
243  216
243  217
243  218
243  220
243  221
243  228
243  229
243  234
243  235
244  209
244  210
244  210
244  213
244  215
244  216
244  217
244  217
244  218
244  218
244  219
244  227
244  229
244  233
244  233
245  218
245  219
245  219
245  220
245  221
245  222
245  225
245  225
245  228
246  221
246  224
43   74
44   43
46   74
46   78
47   68
47   68
47   71
48   47
48   65
48   67
48   72
48   72
49   72
49   72
50   47
50   47
50   48
50   73
50   77
51   48
51   48
51   48
51   48
51   48
51   49
51   72
51   78
52   44
52   47
52   48
52   56
52   61
52   62
52   63
52   63
52   80
52   86
53   46
53   64
53   66
53   66
53   67
53   69
53   71
53   72
53   73
53   75
53   77
53   78
53   79
53   79
53   80
54   101
54   58
54   59
54   60
54   61
54   68
54   70
54   73
54   80
54   83
54   98
55   43
55   46
55   50
55   56
55   58
55   59
55   60
55   61
55   63
55   63
55   64
55   65
55   65
55   78
56   53
56   55
56   55
56   56
56   56
56   56
56   58
56   58
56   58
56   60
56   61
56   62
56   62
56   63
56   64
56   64
56   65
56   66
56   66
56   68
56   69
56   77
56   78
56   80
57   50
57   55
57   56
57   56
57   56
57   56
57   57
57   57
57   59
57   61
57   64
57   66
57   68
57   68
57   68
57   73
57   73
57   74
57   77
57   78
58   42
58   44
58   50
58   54
58   54
58   57
58   62
58   68
58   68
58   70
58   71
58   72
59   42
59   45
59   47
59   52
59   53
59   54
59   61
59   62
59   62
59   73
60   45
60   47
60   50
60   55
60   55
60   74
60   76
60   76
60   77
61   41
61   46
61   49
61   55
61   61
61   62
61   64
61   68
61   68
61   76
62   45
62   49
62   63
62   66
62   67
62   68
62   84
63   51
63   64
63   69
63   82
63   85
63   86
64   39
64   45
64   50
64   64
64   66
64   75
64   82
64   87
65   49
65   51
65   53
65   59
65   60
65   65
65   73
65   76
65   78
65   92
66   113
66   116
66   47
66   51
66   55
66   55
66   69
66   77
66   78
66   81
66   81
66   82
67   101
67   52
67   58
67   66
67   70
67   73
67   75
67   77
67   78
67   79
67   80
67   82
67   87
67   88
67   90
67   93
67   93
67   98
68   100
68   107
68   107
68   113
68   35
68   45
68   54
68   54
68   58
68   69
68   71
68   78
68   80
68   85
68   85
68   85
68   86
68   86
69   108
69   114
69   48
69   48
69   58
69   74
69   90
69   93
69   93
69   99
70   101
70   103
70   112
70   113
70   113
70   116
70   116
70   118
70   29
70   54
70   55
70   74
70   81
70   82
70   86
70   87
70   90
70   93
70   97
71   102
71   105
71   105
71   110
71   56
71   70
71   77
71   82
71   82
71   83
71   84
71   86
71   88
71   91
71   94
71   98
71   99
72   108
72   113
72   117
72   46
72   51
72   51
72   56
72   68
72   69
72   74
72   85
72   94
73   105
73   105
73   112
73   112
73   112
73   118
73   118
73   118
73   118
73   119
73   126
73   132
73   57
73   61
73   66
73   84
73   95
73   99
74   101
74   105
74   111
74   116
74   55
74   56
74   72
74   86
74   86
74   88
74   90
74   93
75   140
75   59
75   60
75   76
75   78
75   79
75   80
75   80
75   80
75   85
75   86
75   86
75   90
76   105
76   117
76   28
76   57
76   70
76   84
76   85
76   85
76   86
76   97
77   27
77   42
77   51
77   58
77   80
77   80
77   81
77   83
77   84
77   85
77   85
77   86
77   88
77   89
77   93
78   113
78   49
78   50
78   51
78   70
78   77
78   81
78   81
78   83
78   85
78   88
78   89
78   91
78   92
78   96
78   96
79   101
79   103
79   103
79   112
79   119
79   120
79   58
79   76
79   80
79   80
79   81
79   90
79   91
79   92
79   92
79   94
80   114
80   124
80   138
80   41
80   58
80   61
80   74
80   83
80   85
80   86
80   88
80   90
80   95
80   99
81   123
81   131
81   45
81   57
81   66
81   67
81   83
81   84
81   84
81   85
81   91
81   94
81   96
81   97
81   98
82   102
82   102
82   111
82   131
82   131
82   49
82   53
82   55
82   55
82   69
82   73
82   86
82   92
82   93
82   95
82   97
83   102
83   124
83   125
83   138
83   36
83   50
83   51
83   54
83   54
83   55
83   56
83   56
83   56
83   60
83   63
83   83
83   84
83   85
83   93
83   98
84   103
84   105
84   106
84   107
84   107
84   110
84   113
84   122
84   140
84   54
84   54
84   55
84   55
84   56
84   56
84   57
84   66
84   67
84   80
84   82
84   83
84   88
84   91
85   103
85   108
85   109
85   110
85   112
85   112
85   118
85   118
85   122
85   124
85   38
85   46
85   54
85   55
85   56
85   57
85   61
85   72
85   88
85   92
85   94
85   95
85   98
86   104
86   107
86   108
86   109
86   109
86   110
86   110
86   112
86   113
86   116
86   118
86   132
86   45
86   55
86   84
86   85
86   85
86   86
86   89
86   99
87   103
87   116
87   117
87   119
87   120
87   153
87   48
87   50
87   55
87   83
87   84
87   91
88   104
88   105
88   120
88   121
88   125
88   126
88   127
88   154
88   56
88   56
88   64
88   66
88   67
88   75
88   81
88   85
88   94
88   96
89   103
89   105
89   113
89   113
89   114
89   115
89   119
89   129
89   134
89   134
89   137
89   47
89   58
89   58
89   59
89   74
89   80
89   86
89   89
90   105
90   117
90   124
90   137
90   139
90   141
90   54
90   56
90   57
90   82
90   88
90   89
90   92
90   97
91   110
91   110
91   111
91   120
91   120
91   120
91   120
91   126
91   48
91   56
91   82
91   83
92   109
92   115
92   144
92   145
92   58
92   58
92   77
92   86
92   88
92   88
92   89
92   97
92   97
92   97
93   105
93   106
93   112
93   124
93   134
93   136
93   141
93   145
93   147
93   55
93   57
93   60
93   86
93   94
93   95
93   98
93   99
93   99
94   100
94   130
94   133
94   148
94   63
94   83
94   91
94   93
94   97
94   97
94   99
95   100
95   104
95   104
95   106
95   106
95   106
95   106
95   106
95   139
95   56
95   56
95   61
95   80
95   84
95   90
95   90
95   91
95   97
95   99
96   100
96   100
96   100
96   102
96   103
96   104
96   104
96   105
96   106
96   123
96   131
96   135
96   141
96   62
96   63
96   76
96   83
96   87
96   89
96   90
96   95
96   99
97   101
97   102
97   104
97   104
97   106
97   110
97   111
97   117
97   141
97   149
97   63
97   64
97   65
97   75
97   92
97   94
97   95
98   105
98   105
98   109
98   110
98   110
98   112
98   113
98   113
98   114
98   116
98   120
98   130
98   130
98   138
98   139
98   150
98   155
98   158
98   59
98   61
98   63
98   64
98   83
98   85
98   85
98   88
98   90
98   99
99   103
99   114
99   114
99   116
99   116
99   119
99   122
99   140
99   143
99   54
99   57
99   65
99   70
99   79
99   80
99   86
99   89
99   91
99   93
