245
242
235
232
229
226
223
222
243
238
228
223
221
216
212
212
238
233
222
213
210
204
199
199
233
219
209
203
196
188
183
181
225
207
196
187
180
170
165
162
214
194
180
170
160
150
144
140
202
179
164
153
142
131
125
120
193
170
153
142
130
119
113
109
179
155
138
127
115
105
97
93
171
140
128
111
102
95
95
90
164
142
124
108
95
84
75
71
223
224
226
231
232
239
247
246
212
214
216
222
224
233
245
244
198
201
203
211
214
225
241
241
180
185
190
196
204
215
227
237
161
166
172
179
188
202
218
230
140
146
152
160
171
188
206
220
121
127
133
142
154
174
194
210
110
116
121
130
143
163
184
201
94
101
106
115
128
148
168
187
85
95
99
103
106
119
140
173
76
82
82
88
92
104
124
159
250
250
244
240
235
229
225
223
250
251
240
234
227
220
215
212
249
251
234
226
218
209
202
199
247
236
227
220
206
195
188
182
242
230
221
208
191
178
168
162
235
223
211
194
172
157
147
141
228
213
198
179
155
139
128
122
220
205
185
167
143
127
116
110
209
192
170
151
126
110
100
93
171
166
141
120
109
102
98
97
167
126
120
106
94
84
81
81
223
227
232
238
242
246
246
251
212
218
224
231
237
244
244
254
199
206
213
223
230
239
240
255
184
190
198
212
225
232
241
255
165
171
182
195
215
229
235
255
143
151
161
179
202
220
229
254
125
131
143
164
187
209
220
253
113
119
130
147
176
197
213
249
97
103
112
129
159
182
201
244
87
92
98
107
119
132
138
174
65
71
76
91
100
110
120
148
251
252
246
241
238
234
228
224
253
254
244
237
231
226
220
214
255
255
239
230
223
216
208
200
255
241
232
232
215
204
196
186
255
235
228
223
202
188
179
167
254
229
219
209
186
170
160
147
253
220
208
196
169
150
139
126
250
213
197
185
157
137
125
115
247
202
182
169
139
117
107
96
212
166
138
118
106
95
90
87
201
151
118
96
82
67
65
64
228
229
234
242
245
252
252
251
219
220
227
236
243
253
254
253
207
208
217
230
238
254
255
255
190
196
207
225
232
239
250
255
173
179
193
214
227
234
247
255
151
159
175
201
219
227
242
255
130
139
157
187
207
218
238
255
117
126
144
177
196
211
232
253
99
107
125
159
180
200
225
248
88
99
103
114
122
161
177
188
74
79
83
95
118
144
157
174
250
251
246
241
237
234
231
229
252
252
243
235
230
226
223
220
252
253
238
229
223
217
212
208
255
252
240
232
225
215
204
196
255
250
233
227
214
201
188
179
255
245
226
219
201
183
169
159
255
241
216
206
186
165
150
139
254
235
210
195
176
152
137
126
252
229
198
180
159
134
118
107
249
245
202
183
136
119
111
99
240
230
183
152
121
109
99
86
228
234
234
241
246
251
251
250
220
226
228
236
243
252
252
252
208
217
217
229
238
252
252
254
196
201
207
219
230
239
250
255
178
185
192
207
221
232
247
255
157
164
175
191
208
225
241
255
137
144
156
174
194
215
236
255
124
131
144
162
184
208
229
255
105
112
125
145
169
196
221
253
98
110
124
139
163
182
216
252
87
103
116
130
150
167
205
230
250
248
240
236
231
232
234
228
252
246
234
229
223
224
226
219
254
243
226
220
212
214
217
207
255
232
216
209
198
198
201
196
255
222
203
194
182
182
185
178
255
213
187
176
162
164
164
157
255
201
173
162
146
145
144
137
255
193
163
151
134
133
131
124
255
180
149
136
118
115
113
104
222
173
154
136
115
107
101
94
206
159
139
107
95
85
86
82
224
227
232
234
237
249
250
249
213
217
224
227
231
248
251
251
199
205
213
217
223
245
251
253
183
192
199
208
215
231
250
255
164
174
183
193
202
224
248
255
144
153
163
173
183
215
242
255
125
136
146
158
169
204
237
255
114
124
135
147
158
196
232
255
97
107
119
131
143
183
222
255
95
107
136
142
151
165
210
248
68
95
121
130
144
163
194
218
250
250
244
240
240
236
234
224
250
251
241
235
235
230
227
213
253
252
236
228
228
222
217
199
255
252
235
222
218
210
203
185
255
251
227
211
205
195
188
166
255
248
218
200
189
178
169
144
255
243
209
184
174
160
150
125
255
238
202
174
162
148
137
113
255
234
190
158
145
129
119
95
251
230
185
163
144
132
116
84
225
217
190
152
136
120
96
77
224
229
234
238
240
250
248
248
214
220
227
231
235
249
249
248
198
208
214
223
228
248
250
248
186
195
203
214
222
234
248
249
168
178
188
200
210
226
245
249
145
157
169
181
197
218
239
247
126
137
150
165
184
208
234
244
114
124
137
152
174
201
227
242
94
105
119
134
159
189
217
239
97
112
132
151
173
183
205
253
79
94
113
141
163
173
194
251
248
248
249
241
237
233
228
224
250
249
249
236
230
226
219
213
251
251
248
227
221
216
207
199
251
250
234
223
209
200
194
186
250
247
226
211
193
184
177
167
245
242
219
198
177
165
158
147
241
237
208
184
161
147
139
127
237
232
200
174
148
135
126
114
231
222
188
158
131
117
108
96
240
220
189
152
138
129
119
93
252
197
181
141
119
111
106
70
226
227
233
236
240
244
250
249
216
219
225
229
235
240
249
250
203
207
215
220
227
235
249
251
188
194
202
208
221
234
248
251
169
177
186
194
209
225
245
250
148
157
168
176
196
216
239
246
129
139
150
160
183
206
233
242
116
127
137
148
174
199
228
238
98
108
119
130
158
187
218
232
97
106
115
126
152
192
196
253
90
96
102
109
142
182
191
252
249
249
244
240
237
234
228
226
250
250
241
235
229
226
218
215
251
250
235
227
221
216
207
202
252
250
235
221
216
203
195
187
252
249
228
209
203
186
176
168
250
246
221
197
187
167
156
148
248
242
211
183
173
149
138
128
245
237
205
173
161
138
127
117
240
230
192
158
145
120
109
99
253
207
200
164
140
124
124
96
252
199
194
157
129
114
100
92
226
228
233
237
239
243
249
249
216
219
226
230
234
241
250
250
202
206
215
221
227
235
251
251
188
194
208
221
228
236
251
252
169
177
193
210
222
230
250
253
147
157
176
197
214
224
247
252
129
139
159
183
202
213
243
249
117
127
148
173
192
208
239
246
99
110
131
156
176
194
236
243
99
126
132
149
170
193
220
252
94
102
120
133
155
177
215
251
248
245
240
235
233
230
228
226
250
243
236
228
226
222
219
216
251
240
229
219
217
210
207
203
253
242
226
217
211
200
196
188
254
237
219
205
195
183
176
169
255
234
212
190
176
164
157
148
255
228
200
176
162
147
139
129
255
224
193
167
150
135
127
117
254
214
179
148
132
117
110
99
252
229
186
155
140
122
117
109
251
225
176
144
125
111
95
92
227
227
230
232
238
242
245
245
219
220
221
224
233
239
244
243
206
208
210
214
225
233
241
240
190
191
197
206
215
222
235
242
171
174
180
190
205
212
233
237
150
154
160
173
191
201
227
234
131
136
142
156
178
189
220
228
119
124
130
144
166
181
212
225
100
105
111
125
150
167
201
217
108
112
117
128
151
162
200
235
88
89
92
110
138
151
191
233
244
242
239
235
230
227
225
224
242
239
234
228
220
218
214
214
239
233
227
218
209
206
201
201
234
230
213
205
199
194
191
185
232
221
207
193
180
177
171
166
226
212
198
177
163
155
150
144
221
203
186
164
148
140
131
126
212
194
175
151
135
128
119
114
202
182
160
134
117
110
101
95
213
192
161
141
119
108
110
99
207
185
146
124
105
95
88
85
225
227
230
228
233
237
239
241
214
217
221
219
225
231
235
237
201
205
209
207
215
224
228
232
186
190
194
194
200
217
225
229
167
172
177
176
187
206
215
219
146
151
157
160
170
192
202
210
127
132
141
145
155
179
190
199
115
120
128
133
142
167
181
191
95
101
109
113
122
151
166
178
93
101
105
130
141
156
174
198
81
88
96
111
123
141
159
188
238
234
232
226
229
227
227
224
233
227
225
216
220
218
217
213
226
219
216
203
208
206
204
200
219
209
198
192
191
190
189
184
208
195
183
177
172
173
167
166
196
180
166
160
155
153
149
145
185
168
152
148
139
136
130
126
175
157
141
137
127
124
118
114
159
138
124
115
107
105
99
95
172
154
137
114
113
98
95
90
158
138
122
95
91
81
81
76
221
226
225
224
226
231
234
236
210
216
214
214
217
223
227
230
197
204
202
201
204
212
217
221
185
188
190
190
190
200
201
207
165
169
173
171
175
186
186
192
144
149
152
155
154
168
168
174
126
131
136
139
140
151
152
159
113
118
122
127
127
137
139
145
94
99
103
107
107
117
119
126
91
100
98
107
117
127
130
138
76
81
86
91
98
108
115
123
227
229
226
225
225
223
224
223
217
220
216
215
215
211
213
212
204
207
204
202
202
198
199
198
196
195
191
187
187
183
182
181
179
179
176
169
170
167
163
162
157
159
157
149
149
142
140
138
140
141
140
136
133
128
123
122
127
127
126
125
122
117
111
110
107
108
105
106
101
95
91
90
110
99
97
97
97
97
88
79
92
86
85
78
77
75
74
69
220
221
223
222
224
224
226
225
209
210
212
212
214
214
216
215
194
196
199
198
201
201
202
201
180
180
180
181
179
182
185
184
160
160
161
159
161
165
165
164
140
139
140
140
140
142
142
140
120
119
121
123
121
124
124
120
108
107
109
110
109
111
110
104
89
87
89
89
91
91
93
82
71
63
68
68
71
74
70
54
58
60
60
59
62
59
59
42
220
221
221
224
222
221
219
218
209
209
209
213
211
209
207
206
193
194
195
200
197
195
192
191
173
176
176
177
179
179
178
176
149
155
156
152
159
159
157
154
123
131
133
135
136
137
136
133
101
111
117
116
120
119
117
114
84
97
103
103
107
107
106
102
59
74
81
84
88
88
86
83
30
43
42
47
46
54
56
57
8
18
36
39
38
43
46
49
218
217
218
218
218
218
218
217
206
205
206
206
205
207
206
204
191
190
192
191
190
191
190
187
175
175
176
175
172
170
170
167
155
155
157
155
152
147
147
143
133
133
133
133
129
123
121
114
113
114
114
113
111
102
100
90
100
101
101
100
96
88
85
70
83
82
83
82
77
65
62
37
53
48
42
19
18
21
0
2
50
48
42
23
13
20
0
0
210
213
216
216
217
218
217
219
194
198
202
203
205
206
204
207
175
179
185
187
188
190
188
191
156
155
161
166
165
172
170
173
130
128
139
143
145
150
148
154
100
102
114
120
123
128
129
129
71
69
90
98
103
106
109
110
47
44
74
83
90
94
96
98
1
0
52
64
71
77
80
81
48
41
45
50
53
59
62
64
2
11
31
36
44
50
53
56
218
217
215
217
215
211
211
211
206
204
201
205
201
197
195
196
191
189
185
189
184
178
176
176
169
169
167
167
162
157
154
152
151
149
147
143
137
135
128
129
125
125
121
121
113
108
96
97
107
104
103
99
90
79
61
63
94
92
89
86
74
63
32
36
78
76
73
69
56
41
0
0
48
46
43
32
31
24
3
0
46
42
38
25
19
1
0
0
205
209
207
209
210
212
214
217
188
193
191
194
194
198
202
205
167
174
171
175
177
180
185
189
150
149
154
156
164
164
169
171
122
121
127
133
142
141
150
151
89
88
96
107
119
118
125
130
52
51
64
81
96
98
107
109
22
23
42
66
83
85
94
96
0
0
15
49
66
69
77
79
0
0
3
7
6
8
28
43
0
0
1
13
14
21
36
33
202
198
201
204
204
209
209
203
186
181
183
189
190
194
192
187
166
160
162
169
170
174
173
165
139
143
145
150
150
150
152
144
118
117
121
126
127
126
125
118
94
96
94
100
100
96
95
87
72
74
69
75
73
65
61
50
62
63
58
61
56
48
41
21
53
52
46
46
38
27
10
0
45
45
46
43
31
0
0
0
42
49
38
33
25
15
4
0
186
188
193
191
191
192
192
194
164
165
173
171
171
172
174
175
137
139
149
148
147
149
150
152
116
118
121
123
126
127
128
129
82
86
93
98
102
102
103
107
45
51
62
70
76
77
79
83
0
6
31
41
51
54
57
61
0
0
17
29
42
46
48
53
0
0
9
21
34
37
40
44
0
0
0
18
25
34
36
38
0
0
0
18
25
32
34
39
211
203
203
198
188
192
188
186
196
186
186
179
167
172
165
164
178
165
165
158
143
148
139
139
155
149
144
133
117
115
108
115
131
123
123
111
93
82
78
79
110
103
98
87
65
42
33
38
87
80
74
62
33
0
0
0
75
69
62
50
18
0
0
0
61
56
49
39
7
0
0
0
59
53
39
27
0
0
0
0
45
39
33
24
3
0
0
0
178
175
180
181
188
199
203
209
155
151
158
158
168
182
187
194
127
123
132
134
146
162
167
177
100
97
102
112
121
139
154
155
65
63
69
84
96
112
128
137
22
15
32
57
71
88
108
117
0
0
0
30
47
65
83
92
0
0
0
22
39
56
73
80
0
0
0
16
32
46
59
65
0
0
0
9
34
44
50
53
0
0
0
3
19
27
33
40
198
194
182
179
176
172
171
167
181
177
161
156
153
148
146
142
162
155
136
130
125
118
118
112
144
126
112
105
100
91
89
87
118
101
88
79
71
56
55
49
93
77
62
51
41
15
10
1
72
56
39
27
13
0
0
0
62
49
33
22
10
0
0
0
52
41
29
20
11
0
0
0
53
46
37
28
16
0
0
0
45
39
26
17
13
3
0
2
184
183
185
184
193
193
201
202
163
161
164
163
173
175
184
186
136
134
139
139
151
153
164
167
108
112
116
119
126
135
143
148
76
80
85
89
102
111
123
125
42
45
51
60
75
87
101
105
0
4
14
30
51
65
80
84
0
0
4
18
43
56
70
74
0
0
0
12
36
46
58
60
0
0
3
17
39
48
55
55
1
3
0
14
39
41
44
46
200
200
198
200
200
202
204
203
184
183
181
184
183
185
188
187
165
164
161
163
163
165
167
166
148
142
143
141
146
149
149
148
127
122
119
121
120
122
124
124
106
101
96
98
98
99
101
99
84
79
73
75
75
76
77
75
74
69
63
65
65
62
65
63
62
58
52
54
53
53
50
48
59
53
57
57
56
55
50
42
44
41
40
35
32
29
16
6
207
210
213
209
212
213
211
209
193
196
200
195
198
199
197
194
175
180
184
178
182
183
181
177
154
160
161
162
163
165
161
159
131
140
141
141
141
144
139
140
109
116
116
115
120
122
116
116
87
91
93
95
97
101
93
96
73
78
80
82
85
88
81
84
61
64
65
65
69
72
67
69
40
46
51
53
57
60
61
56
22
30
35
37
43
45
47
48
210
211
213
216
214
211
211
207
195
197
199
203
201
198
197
192
178
180
183
187
185
180
180
174
162
164
166
167
162
161
160
152
139
143
145
148
143
140
138
131
119
122
126
124
119
117
113
108
99
101
103
104
100
97
89
83
87
89
91
91
87
84
76
69
61
73
75
74
73
70
62
55
62
64
65
66
61
59
53
45
49
48
47
44
43
43
30
5
203
206
207
210
208
211
213
215
187
190
191
195
193
197
200
202
167
171
172
178
175
179
184
186
147
151
150
159
158
159
166
165
124
129
132
132
136
137
147
145
97
101
106
111
111
117
124
122
69
78
81
87
91
95
103
102
56
64
69
74
79
82
90
90
39
48
55
59
64
68
74
73
33
41
45
51
54
58
64
67
15
24
28
33
44
48
49
52
211
213
214
214
214
212
210
207
198
200
201
200
200
198
196
192
181
184
186
184
185
182
178
174
163
165
165
165
158
159
161
155
143
146
145
147
137
139
138
130
123
125
122
123
119
114
113
110
100
102
101
102
94
94
89
84
88
90
87
90
81
80
76
70
73
74
73
74
67
64
60
55
63
65
65
62
57
52
46
36
53
53
52
48
39
35
34
26
216
217
215
218
217
217
216
213
203
205
203
206
205
204
203
199
188
189
187
191
190
190
188
183
166
169
171
173
172
173
170
165
144
148
150
152
152
153
149
145
120
125
128
129
130
130
127
123
102
106
107
110
109
108
105
101
87
93
96
96
95
94
92
89
70
74
77
77
78
77
74
71
37
42
48
52
58
62
63
63
31
32
36
40
42
43
45
49
214
218
220
221
220
222
220
223
201
207
208
210
208
211
209
212
185
191
194
196
194
196
195
199
168
173
177
181
178
177
178
182
147
152
157
161
158
157
158
161
125
130
136
138
137
136
137
139
102
108
115
118
118
117
119
121
90
95
102
105
104
104
105
108
73
77
82
85
86
86
85
87
60
63
63
62
62
64
59
65
43
43
42
41
41
40
39
40
229
227
225
223
224
222
221
217
219
217
214
212
212
211
208
205
209
205
202
199
199
197
194
189
188
189
190
186
185
181
178
173
170
171
172
168
166
162
158
152
150
152
151
147
146
140
136
131
130
134
132
128
126
119
113
108
117
121
119
115
111
104
100
95
96
98
97
94
91
85
81
77
75
75
76
76
78
73
68
66
49
48
48
47
49
52
53
53
218
222
224
225
225
227
229
231
206
212
214
215
214
217
220
223
192
199
201
203
202
205
209
214
174
181
188
190
191
196
194
197
153
161
169
172
173
179
177
181
131
139
149
152
154
159
160
163
109
117
127
131
135
141
142
146
96
104
114
118
122
127
130
133
78
84
95
99
100
105
112
111
72
76
82
83
88
91
98
103
56
57
57
58
61
62
65
66
232
237
230
230
233
226
222
217
224
230
222
222
224
217
210
205
214
221
211
211
212
204
197
190
205
206
203
200
196
187
181
173
195
191
188
184
179
169
162
153
178
174
171
166
159
148
139
131
162
157
153
146
139
128
119
110
148
144
141
133
125
115
107
99
127
122
119
111
104
96
90
82
108
103
103
94
87
90
84
81
80
78
72
69
63
62
61
60
220
223
227
232
234
234
236
239
209
212
218
223
227
226
230
234
194
199
205
212
217
216
221
227
175
181
187
198
203
206
213
213
155
161
169
181
187
193
200
200
133
141
148
161
169
178
186
185
113
120
129
142
150
161
167
169
102
108
116
129
137
148
158
156
85
91
98
109
117
127
138
139
85
90
97
107
109
118
128
150
70
75
81
86
89
96
106
124
240
236
237
234
231
226
225
219
234
229
230
225
222
216
214
208
227
221
222
216
211
204
201
194
218
209
209
202
195
189
184
175
210
200
195
187
178
171
165
156
197
187
180
170
159
150
143
134
183
170
163
152
139
130
123
114
170
157
152
140
127
118
111
103
152
137
132
121
107
100
94
87
136
134
125
117
105
97
93
86
113
113
100
93
83
74
68
63
219
222
226
232
233
236
240
245
208
212
216
222
225
228
234
242
194
198
204
211
215
220
226
238
176
184
191
197
202
212
222
231
157
165
173
180
186
198
212
223
135
143
153
161
167
183
200
210
116
124
133
142
149
166
185
199
104
112
123
131
137
155
176
189
88
95
105
113
119
137
159
173
78
91
101
109
122
130
156
180
65
69
75
82
98
111
126
126
