0    100
0    105
0    105
0    106
0    106
0    109
0    110
0    110
0    111
0    114
0    116
0    116
0    118
0    122
0    122
0    125
0    125
0    126
0    129
0    130
0    131
0    131
0    132
0    132
0    133
0    133
0    134
0    135
0    135
0    135
0    136
0    137
0    137
0    138
0    138
0    140
0    141
0    141
0    141
0    142
0    142
0    143
0    143
0    143
0    144
0    146
0    147
0    147
0    149
0    150
0    150
0    154
0    155
0    157
0    158
0    160
0    160
0    161
0    161
0    161
0    162
0    162
0    164
0    166
0    168
0    169
0    169
0    172
0    172
0    173
0    173
0    173
0    173
0    176
0    180
0    190
0    200
0    71
0    72
0    74
0    94
0    97
0    99
0    99
1    131
1    137
1    194
1    93
1    93
10   142
10   146
10   191
100  113
100  113
100  119
100  119
100  126
100  156
100  156
100  173
100  181
100  186
100  211
100  220
100  48
100  55
100  70
100  74
100  83
100  85
100  90
101  101
101  118
101  120
101  122
101  126
101  140
101  143
101  146
101  152
101  153
101  181
101  188
101  204
101  54
101  68
101  78
101  80
101  86
101  89
102  112
102  117
102  118
102  124
102  127
102  153
102  154
102  176
102  177
102  187
102  188
102  195
102  214
102  55
102  56
102  64
102  73
102  99
103  118
103  118
103  119
103  125
103  127
103  129
103  138
103  143
103  147
103  162
103  172
103  45
103  59
103  69
103  84
103  96
103  98
104  109
104  116
104  117
104  124
104  137
104  146
104  146
104  161
104  61
104  91
104  97
105  126
105  126
105  135
105  142
105  165
105  207
105  58
105  67
105  80
105  83
105  89
105  89
105  90
105  90
105  91
105  93
106  113
106  140
106  143
106  180
106  202
106  54
106  54
106  55
106  59
106  70
106  80
106  83
106  99
107  102
107  104
107  113
107  116
107  121
107  132
107  138
107  167
107  169
107  180
107  48
107  54
107  55
107  57
107  76
107  82
107  86
107  90
107  91
107  93
107  94
107  95
107  96
107  97
108  104
108  108
108  118
108  122
108  126
108  134
108  159
108  169
108  184
108  199
108  218
108  231
108  61
108  62
108  65
108  67
108  88
108  88
108  89
109  102
109  115
109  120
109  123
109  135
109  135
109  143
109  196
109  42
109  55
109  64
109  69
109  79
109  83
109  92
109  97
109  97
11   124
11   88
110  100
110  106
110  112
110  118
110  118
110  130
110  155
110  160
110  209
110  48
110  52
110  59
110  68
110  75
110  83
110  84
110  85
110  88
110  99
111  103
111  110
111  118
111  120
111  134
111  141
111  142
111  144
111  175
111  185
111  190
111  193
111  50
111  55
111  56
111  59
111  68
111  75
111  86
112  100
112  137
112  183
112  204
112  208
112  224
112  227
112  54
112  66
112  86
112  92
113  100
113  104
113  112
113  126
113  128
113  137
113  178
113  192
113  203
113  54
113  73
113  77
113  78
113  86
113  90
113  94
113  99
113  99
114  103
114  104
114  105
114  111
114  123
114  125
114  130
114  135
114  180
114  181
114  201
114  56
114  58
114  77
114  96
114  98
115  100
115  102
115  103
115  112
115  138
115  143
115  184
115  215
115  217
115  51
115  59
115  61
115  84
115  85
115  86
116  101
116  103
116  108
116  110
116  139
116  143
116  151
116  189
116  191
116  211
116  222
116  45
116  67
116  99
117  105
117  107
117  112
117  127
117  129
117  142
117  154
117  164
117  166
117  173
117  174
117  184
117  210
117  67
117  68
117  80
117  84
117  85
117  88
117  90
117  94
117  95
117  96
117  97
117  97
118  101
118  103
118  105
118  109
118  133
118  148
118  158
118  166
118  167
118  175
118  209
118  211
118  225
118  231
118  46
118  49
118  53
118  82
118  91
119  102
119  118
119  125
119  127
119  128
119  137
119  144
119  151
119  169
119  175
119  176
119  185
119  192
119  219
119  51
119  56
119  56
119  63
119  72
119  74
119  83
119  84
119  89
119  91
119  91
119  92
119  97
119  98
119  99
12   142
120  101
120  114
120  117
120  120
120  131
120  133
120  172
120  176
120  194
120  204
120  47
120  54
120  57
120  62
120  74
120  87
121  101
121  102
121  112
121  128
121  133
121  160
121  166
121  171
121  176
121  181
121  182
121  189
121  201
121  204
121  209
121  41
121  53
122  107
122  112
122  112
122  118
122  134
122  141
122  142
122  152
122  161
122  166
122  173
122  201
122  208
122  58
122  59
122  68
122  86
122  90
123  102
123  117
123  124
123  129
123  143
123  147
123  170
123  172
123  173
123  175
123  176
123  179
123  186
123  199
123  228
123  59
123  60
124  101
124  103
124  105
124  107
124  108
124  112
124  131
124  132
124  151
124  166
124  203
124  207
124  225
124  51
124  58
124  64
124  65
124  65
124  66
124  83
124  88
124  97
125  109
125  110
125  112
125  112
125  113
125  113
125  132
125  142
125  151
125  157
125  162
125  162
125  162
125  198
125  205
125  223
125  57
125  87
125  93
125  95
125  99
126  103
126  109
126  109
126  110
126  110
126  116
126  116
126  116
126  117
126  147
126  159
126  191
126  194
126  197
126  202
126  209
126  62
126  63
126  67
126  73
126  78
126  79
126  88
127  103
127  104
127  105
127  107
127  108
127  109
127  111
127  112
127  112
127  112
127  115
127  116
127  136
127  137
127  149
127  150
127  165
127  194
127  196
127  204
127  226
127  78
127  85
127  95
127  96
127  96
128  102
128  103
128  108
128  113
128  125
128  125
128  156
128  162
128  177
128  188
128  192
128  201
128  205
128  67
128  78
128  88
128  98
129  109
129  109
129  116
129  118
129  123
129  154
129  157
129  166
129  177
129  188
129  205
129  216
129  56
129  64
129  91
129  97
13   159
13   70
13   89
13   98
130  103
130  104
130  104
130  114
130  119
130  123
130  150
130  156
130  159
130  160
130  165
130  177
130  201
130  219
130  220
130  46
130  54
130  75
130  78
130  87
130  88
130  98
131  105
131  108
131  109
131  109
131  109
131  111
131  115
131  117
131  135
131  146
131  146
131  147
131  166
131  179
131  210
131  211
131  80
131  82
131  89
132  107
132  114
132  163
132  206
132  219
132  225
132  56
132  61
132  62
132  70
132  84
133  101
133  104
133  113
133  114
133  123
133  134
133  141
133  147
133  148
133  152
133  156
133  160
133  163
133  164
133  196
133  205
133  57
134  102
134  133
134  171
134  218
134  237
134  87
134  90
134  94
134  94
135  101
135  102
135  131
135  155
135  161
135  200
135  201
135  95
135  95
136  105
136  109
136  115
136  115
136  119
136  125
136  149
136  150
136  157
136  160
136  193
136  194
136  216
136  233
136  50
136  54
136  55
136  58
136  80
137  102
137  104
137  105
137  105
137  108
137  110
137  110
137  112
137  112
137  118
137  120
137  121
137  126
137  151
137  174
137  179
137  185
137  193
137  195
137  205
137  219
137  73
137  98
138  107
138  117
138  136
138  170
138  207
138  214
138  52
138  56
138  56
138  59
138  66
138  74
138  80
138  91
138  97
139  105
139  107
139  109
139  116
139  116
139  116
139  118
139  119
139  120
139  120
139  122
139  123
139  130
139  140
139  145
139  147
139  152
139  162
139  172
139  184
139  196
139  198
139  199
139  213
139  221
139  225
139  226
139  227
139  230
139  49
139  51
139  98
14   114
14   185
14   77
140  110
140  120
140  123
140  123
140  124
140  133
140  136
140  142
140  145
140  148
140  152
140  156
140  158
140  160
140  163
140  198
140  205
140  68
140  73
140  77
140  82
141  104
141  114
141  121
141  133
141  140
141  148
141  161
141  183
141  189
141  197
141  204
141  204
141  55
141  57
141  60
141  74
141  76
141  78
142  104
142  105
142  110
142  116
142  117
142  119
142  131
142  141
142  156
142  156
142  170
142  188
142  189
142  232
142  57
142  60
142  70
143  107
143  107
143  116
143  131
143  134
143  139
143  165
143  172
143  187
143  188
143  189
143  190
143  193
143  195
143  200
143  220
143  80
144  110
144  113
144  121
144  121
144  130
144  130
144  133
144  135
144  136
144  157
144  183
144  194
144  201
144  217
144  221
144  47
144  54
144  57
144  63
144  98
145  101
145  111
145  116
145  137
145  138
145  163
145  164
145  181
145  183
145  187
145  198
145  83
145  91
145  94
146  106
146  108
146  132
146  133
146  153
146  169
146  172
146  174
146  207
146  215
146  237
146  58
147  106
147  115
147  116
147  127
147  134
147  136
147  138
147  163
147  171
147  178
147  186
147  190
147  192
147  193
147  208
147  231
147  92
148  101
148  104
148  112
148  114
148  129
148  130
148  134
148  137
148  146
148  148
148  160
148  179
148  182
148  183
148  185
148  211
148  212
148  218
148  223
148  233
148  47
148  84
148  91
148  95
148  99
149  108
149  124
149  137
149  138
149  145
149  149
149  159
149  171
149  180
149  189
149  197
149  208
149  214
149  216
149  216
149  220
149  74
149  79
15   140
15   141
15   189
15   192
15   94
150  112
150  114
150  117
150  120
150  122
150  125
150  130
150  132
150  133
150  139
150  145
150  178
150  182
150  197
150  202
150  203
150  205
150  209
150  213
150  219
150  221
150  42
150  81
150  95
151  118
151  134
151  136
151  142
151  175
151  176
151  184
151  218
151  225
151  234
151  44
151  59
151  63
151  66
151  71
151  76
151  95
151  95
151  99
152  102
152  113
152  116
152  118
152  119
152  128
152  135
152  136
152  139
152  167
152  168
152  170
152  179
152  184
152  184
152  192
152  195
152  203
152  215
152  217
152  221
152  39
152  55
152  67
152  68
153  110
153  117
153  128
153  137
153  137
153  157
153  160
153  168
153  176
153  214
153  231
154  119
154  134
154  145
154  168
154  172
154  176
154  194
154  216
154  217
154  220
154  51
154  74
155  115
155  119
155  120
155  128
155  140
155  141
155  156
155  169
155  173
155  179
155  183
155  188
155  195
155  212
155  213
155  228
155  233
155  57
155  68
155  95
156  101
156  110
156  123
156  128
156  139
156  155
156  181
156  210
156  212
156  228
156  75
156  82
157  116
157  127
157  128
157  128
157  134
157  135
157  136
157  137
157  139
157  143
157  143
157  150
157  150
157  153
157  169
157  170
157  176
157  180
157  207
157  210
157  49
157  56
157  99
158  106
158  138
158  139
158  171
158  195
158  207
158  208
158  216
158  217
158  227
158  232
158  44
158  81
158  82
158  84
158  88
158  92
159  102
159  105
159  110
159  114
159  143
159  145
159  150
159  153
159  167
159  171
159  172
159  177
159  182
159  183
159  199
159  218
159  223
159  45
159  57
159  71
159  73
159  83
159  96
159  98
16   115
16   119
16   120
160  111
160  118
160  130
160  136
160  137
160  139
160  139
160  146
160  163
160  167
160  191
160  203
160  217
160  218
160  77
161  113
161  138
161  140
161  146
161  154
161  155
161  162
161  168
161  173
161  176
161  189
161  190
161  210
161  210
161  213
161  213
161  216
161  224
161  226
161  241
161  55
161  74
161  93
162  102
162  102
162  106
162  110
162  126
162  154
162  159
162  160
162  162
162  172
162  179
162  182
162  206
162  208
162  209
162  210
162  211
162  212
162  70
163  111
163  126
163  134
163  141
163  163
163  184
163  194
163  206
163  219
163  219
163  232
163  239
163  50
163  54
163  54
163  63
163  93
164  112
164  123
164  128
164  132
164  134
164  144
164  144
164  151
164  177
164  189
164  200
164  203
164  206
164  206
164  228
164  233
164  236
164  63
164  78
165  115
165  126
165  136
165  155
165  157
165  157
165  158
165  160
165  174
165  176
165  182
165  183
165  189
165  197
165  197
165  198
165  199
165  207
165  209
165  213
165  223
165  227
165  229
165  234
165  61
166  133
166  142
166  154
166  155
166  155
166  159
166  175
166  187
166  187
166  197
166  198
166  206
166  226
166  227
166  55
166  72
166  84
166  96
167  114
167  129
167  145
167  149
167  154
167  155
167  159
167  159
167  166
167  198
167  200
167  202
167  202
167  206
167  209
167  225
167  226
167  228
167  235
167  237
167  41
167  68
167  77
167  95
167  97
168  112
168  136
168  145
168  146
168  152
168  156
168  161
168  183
168  194
168  225
168  97
169  100
169  106
169  129
169  138
169  140
169  145
169  148
169  151
169  154
169  158
169  158
169  162
169  167
169  169
169  169
169  178
169  191
169  195
169  195
169  215
169  221
169  93
17   130
17   135
17   93
170  100
170  116
170  138
170  139
170  140
170  147
170  147
170  154
170  159
170  166
170  189
170  192
170  203
170  204
170  210
170  217
170  73
171  142
171  151
171  154
171  156
171  161
171  166
171  181
171  192
171  205
171  215
171  220
171  222
171  228
171  235
171  241
171  83
171  94
172  141
172  156
172  157
172  160
172  187
172  198
172  199
172  199
172  200
172  219
172  229
172  231
172  238
172  66
173  104
173  105
173  113
173  125
173  132
173  158
173  159
173  161
173  163
173  177
173  186
173  189
173  192
173  193
173  193
173  204
173  208
173  225
173  227
173  229
173  46
173  53
173  64
173  86
173  91
173  93
174  100
174  116
174  123
174  123
174  143
174  149
174  156
174  187
174  189
174  216
174  224
174  228
174  229
174  234
174  48
174  61
174  73
174  93
174  95
174  96
175  145
175  148
175  166
175  174
175  175
175  187
175  191
175  195
175  216
175  217
175  220
175  223
175  224
175  229
175  239
175  93
175  95
176  108
176  114
176  122
176  124
176  126
176  128
176  130
176  132
176  149
176  150
176  158
176  170
176  173
176  186
176  193
176  198
176  199
176  223
176  225
176  237
176  55
176  79
177  118
177  135
177  136
177  150
177  154
177  155
177  156
177  157
177  159
177  196
177  197
177  197
177  203
177  204
177  217
177  219
177  223
177  56
177  56
178  108
178  138
178  159
178  161
178  161
178  164
178  169
178  174
178  188
178  189
178  192
178  198
178  209
178  210
178  219
178  221
178  221
178  225
178  235
178  238
178  67
179  105
179  111
179  128
179  129
179  151
179  161
179  163
179  165
179  166
179  170
179  170
179  187
179  190
179  191
179  194
179  198
179  213
179  222
179  226
179  234
179  75
18   147
18   163
18   66
18   80
18   89
18   97
180  112
180  140
180  148
180  152
180  152
180  160
180  162
180  164
180  175
180  181
180  182
180  188
180  204
180  212
180  219
180  227
180  229
180  237
180  86
180  95
180  99
181  136
181  174
181  178
181  179
181  181
181  181
181  189
181  191
181  196
181  199
181  203
181  205
181  208
181  215
181  219
181  223
181  234
181  56
181  93
181  95
182  103
182  107
182  148
182  155
182  160
182  174
182  182
182  190
182  216
182  222
182  223
182  228
182  233
182  50
182  56
182  70
183  102
183  103
183  105
183  124
183  148
183  148
183  151
183  152
183  155
183  162
183  172
183  176
183  182
183  198
183  211
183  211
183  217
183  221
183  227
183  243
183  35
183  58
183  63
183  83
184  107
184  108
184  110
184  110
184  117
184  158
184  175
184  176
184  177
184  180
184  192
184  195
184  202
184  204
184  211
184  217
184  217
184  217
184  226
184  228
184  237
184  242
185  107
185  119
185  120
185  143
185  163
185  165
185  173
185  173
185  175
185  176
185  177
185  193
185  197
185  203
185  211
185  213
185  216
185  219
185  224
185  231
185  240
185  49
185  66
186  107
186  127
186  151
186  153
186  157
186  166
186  166
186  167
186  174
186  174
186  177
186  178
186  179
186  197
186  208
186  211
186  212
186  213
186  220
186  223
186  235
186  238
186  67
187  123
187  127
187  132
187  136
187  160
187  160
187  170
187  171
187  178
187  183
187  184
187  185
187  186
187  187
187  212
187  214
187  217
187  218
187  222
187  234
187  234
187  239
187  75
187  99
188  146
188  160
188  161
188  163
188  165
188  167
188  170
188  171
188  174
188  175
188  177
188  178
188  195
188  197
188  204
188  209
188  211
188  221
188  232
188  232
188  232
188  233
188  235
188  235
188  239
188  42
188  57
188  77
189  108
189  134
189  137
189  177
189  184
189  200
189  208
189  209
189  215
189  217
189  225
189  227
189  68
189  79
19   78
19   80
19   88
190  107
190  130
190  153
190  172
190  172
190  175
190  176
190  177
190  177
190  177
190  179
190  182
190  192
190  202
190  202
190  207
190  210
190  211
190  212
190  212
190  218
190  226
190  240
190  53
190  84
191  132
191  145
191  161
191  170
191  175
191  178
191  180
191  186
191  199
191  202
191  202
191  203
191  204
191  205
191  207
191  207
191  211
191  220
191  228
191  230
191  234
191  235
191  53
191  55
191  90
192  104
192  139
192  165
192  166
192  170
192  175
192  201
192  202
192  204
192  226
192  228
192  235
192  235
192  236
192  239
192  60
192  69
192  77
192  90
193  126
193  145
193  147
193  157
193  157
193  169
193  186
193  210
193  226
193  231
193  233
193  234
193  234
193  235
193  74
193  92
193  98
194  123
194  131
194  147
194  149
194  152
194  152
194  169
194  173
194  175
194  177
194  178
194  178
194  191
194  192
194  194
194  197
194  203
194  208
194  210
194  211
194  216
194  216
194  219
194  226
194  227
194  228
194  230
194  231
194  232
194  53
194  53
194  54
194  75
194  90
195  115
195  144
195  159
195  163
195  168
195  170
195  178
195  179
195  183
195  188
195  191
195  202
195  207
195  210
195  211
195  229
195  230
195  232
195  232
196  119
196  125
196  135
196  138
196  166
196  171
196  179
196  180
196  182
196  182
196  183
196  183
196  184
196  188
196  202
196  202
196  211
196  216
196  221
196  226
196  231
196  235
196  239
196  62
196  94
196  94
197  124
197  124
197  127
197  128
197  128
197  172
197  173
197  181
197  191
197  196
197  208
197  211
197  216
197  217
197  219
197  223
197  230
197  233
197  55
198  129
198  134
198  135
198  169
198  174
198  175
198  178
198  179
198  191
198  191
198  193
198  194
198  195
198  198
198  204
198  212
198  223
198  225
198  225
198  228
198  228
198  230
198  231
198  233
198  234
198  64
198  95
199  104
199  147
199  169
199  173
199  187
199  190
199  190
199  190
199  193
199  195
199  195
199  196
199  197
199  203
199  206
199  211
199  215
199  218
199  221
199  221
199  230
199  231
199  54
199  87
2    122
2    77
2    90
20   117
20   68
200  106
200  131
200  158
200  166
200  167
200  177
200  179
200  184
200  188
200  190
200  192
200  192
200  195
200  206
200  209
200  214
200  216
200  221
200  226
200  227
200  231
200  232
200  234
200  234
200  63
200  68
200  89
200  99
201  106
201  111
201  121
201  134
201  150
201  153
201  169
201  183
201  184
201  185
201  186
201  188
201  190
201  194
201  194
201  198
201  203
201  206
201  208
201  210
201  210
201  223
201  223
201  225
201  226
201  226
201  229
201  43
201  68
201  89
202  102
202  105
202  136
202  139
202  146
202  156
202  166
202  171
202  176
202  185
202  186
202  188
202  191
202  194
202  194
202  199
202  200
202  207
202  210
202  217
202  221
202  222
202  222
202  222
202  227
202  236
202  51
202  64
202  93
203  104
203  146
203  146
203  173
203  179
203  179
203  180
203  187
203  189
203  194
203  194
203  199
203  210
203  215
203  215
203  222
203  223
203  227
203  228
203  230
203  231
203  237
203  238
203  238
203  242
204  106
204  182
204  182
204  185
204  191
204  191
204  193
204  193
204  195
204  199
204  201
204  201
204  203
204  218
204  219
204  220
204  226
204  232
204  232
204  238
205  125
205  152
205  154
205  160
205  176
205  186
205  189
205  202
205  206
205  213
205  214
205  218
205  220
205  220
205  220
205  221
205  222
205  225
205  225
205  234
205  237
205  38
205  69
205  89
206  100
206  128
206  152
206  161
206  173
206  179
206  186
206  187
206  188
206  192
206  194
206  201
206  212
206  214
206  214
206  216
206  216
206  216
206  218
206  222
206  227
206  228
206  242
206  36
207  132
207  157
207  166
207  171
207  183
207  184
207  185
207  186
207  187
207  192
207  193
207  195
207  197
207  199
207  204
207  214
207  215
207  216
207  221
207  238
207  239
207  239
207  239
207  242
207  35
207  67
208  100
208  100
208  109
208  138
208  146
208  160
208  167
208  169
208  169
208  175
208  193
208  195
208  195
208  195
208  196
208  198
208  198
208  205
208  206
208  215
208  222
208  227
208  233
208  90
209  105
209  105
209  142
209  146
209  146
209  155
209  167
209  173
209  182
209  184
209  190
209  191
209  194
209  199
209  203
209  208
209  210
209  215
209  220
209  220
209  221
209  221
209  223
209  225
209  229
209  235
209  235
209  236
209  237
209  238
209  239
21   109
21   170
21   70
21   81
210  114
210  134
210  135
210  149
210  149
210  169
210  178
210  181
210  190
210  192
210  197
210  205
210  209
210  214
210  222
210  225
210  233
210  234
210  237
210  239
210  242
210  52
211  103
211  119
211  150
211  154
211  155
211  171
211  197
211  198
211  204
211  211
211  217
211  219
211  219
211  221
211  222
211  225
211  226
211  229
211  231
211  233
211  234
211  235
211  236
211  237
211  238
212  131
212  134
212  155
212  183
212  186
212  189
212  193
212  197
212  199
212  204
212  205
212  205
212  206
212  206
212  206
212  209
212  209
212  210
212  214
212  215
212  216
212  217
212  224
212  227
212  230
212  232
212  237
212  239
212  56
212  87
212  88
213  102
213  126
213  126
213  133
213  138
213  177
213  185
213  194
213  195
213  203
213  204
213  204
213  206
213  208
213  209
213  211
213  220
213  221
213  224
213  225
213  229
213  229
213  235
213  238
213  56
214  128
214  161
214  169
214  173
214  176
214  190
214  191
214  195
214  198
214  201
214  203
214  205
214  207
214  208
214  208
214  208
214  210
214  211
214  215
214  218
214  220
214  221
214  225
214  226
214  227
214  228
214  229
214  230
214  232
214  233
214  236
214  67
215  121
215  127
215  157
215  166
215  173
215  176
215  184
215  186
215  186
215  188
215  193
215  194
215  200
215  202
215  205
215  212
215  213
215  220
215  221
215  224
215  231
215  233
215  235
215  53
216  120
216  127
216  166
216  169
216  189
216  195
216  200
216  200
216  202
216  204
216  204
216  205
216  206
216  207
216  208
216  208
216  208
216  211
216  213
216  215
216  219
216  225
216  230
216  231
216  234
216  241
216  48
217  172
217  180
217  183
217  184
217  190
217  196
217  198
217  198
217  199
217  200
217  201
217  203
217  204
217  206
217  207
217  209
217  213
217  215
217  217
217  223
217  224
217  227
217  228
217  228
217  228
217  228
217  229
217  229
217  232
217  232
217  233
217  238
217  63
217  64
217  77
218  123
218  125
218  133
218  172
218  177
218  193
218  194
218  199
218  203
218  206
218  206
218  208
218  215
218  222
218  224
218  224
218  225
218  225
218  225
218  227
218  229
218  229
218  230
218  233
218  234
218  51
218  73
219  122
219  150
219  153
219  154
219  158
219  158
219  180
219  182
219  188
219  189
219  197
219  201
219  202
219  203
219  206
219  208
219  208
219  210
219  211
219  216
219  217
219  223
219  225
219  235
22   117
22   140
22   142
22   166
22   192
220  103
220  127
220  140
220  141
220  155
220  161
220  185
220  186
220  187
220  204
220  204
220  206
220  207
220  209
220  209
220  210
220  210
220  211
220  211
220  216
220  219
220  221
220  229
220  229
220  231
220  234
220  239
220  63
220  66
221  101
221  126
221  157
221  165
221  167
221  167
221  169
221  173
221  183
221  187
221  191
221  199
221  204
221  205
221  210
221  211
221  213
221  217
221  224
221  224
221  225
221  228
221  228
221  229
221  232
221  91
222  150
222  154
222  171
222  174
222  176
222  196
222  198
222  198
222  202
222  210
222  211
222  211
222  216
222  218
222  219
222  220
222  225
222  226
222  226
222  227
222  227
222  229
222  237
222  47
222  74
222  81
223  158
223  170
223  176
223  184
223  188
223  192
223  199
223  202
223  202
223  203
223  208
223  210
223  212
223  216
223  217
223  217
223  217
223  218
223  220
223  220
223  222
223  225
223  233
223  234
223  240
224  130
224  149
224  189
224  201
224  204
224  205
224  208
224  211
224  215
224  216
224  216
224  218
224  218
224  219
224  219
224  219
224  220
224  221
224  224
224  225
224  227
224  228
224  228
224  232
224  232
224  87
225  143
225  144
225  177
225  180
225  187
225  190
225  193
225  193
225  202
225  207
225  208
225  212
225  213
225  214
225  215
225  217
225  217
225  219
225  221
225  222
225  223
225  228
225  231
225  232
225  235
225  47
225  63
225  86
225  97
226  132
226  142
226  145
226  149
226  174
226  183
226  196
226  200
226  200
226  200
226  204
226  208
226  209
226  210
226  211
226  212
226  212
226  214
226  214
226  216
226  216
226  216
226  217
226  218
226  219
226  219
226  219
226  221
226  223
226  223
226  225
226  227
227  132
227  149
227  154
227  170
227  173
227  184
227  187
227  188
227  189
227  189
227  190
227  193
227  199
227  205
227  207
227  208
227  210
227  212
227  214
227  215
227  215
227  215
227  215
227  215
227  215
227  217
227  218
227  218
227  218
227  219
227  220
227  224
227  225
227  234
227  237
227  89
228  101
228  102
228  141
228  149
228  171
228  178
228  188
228  190
228  192
228  194
228  203
228  207
228  211
228  212
228  212
228  214
228  214
228  216
228  218
228  219
228  220
228  221
228  221
228  222
228  87
229  104
229  160
229  161
229  178
229  179
229  191
229  201
229  201
229  202
229  202
229  203
229  218
229  219
229  220
229  220
229  220
229  221
229  222
229  225
229  236
229  239
229  63
229  91
23   166
23   66
230  153
230  174
230  176
230  177
230  183
230  199
230  202
230  204
230  205
230  206
230  210
230  211
230  213
230  214
230  216
230  216
230  217
230  221
230  221
230  232
230  234
230  234
230  27
230  29
230  50
230  69
231  169
231  199
231  202
231  204
231  207
231  212
231  215
231  215
231  221
231  221
231  222
231  225
231  238
231  71
232  118
232  153
232  165
232  174
232  185
232  190
232  193
232  194
232  195
232  196
232  213
232  216
232  216
232  219
232  219
232  221
232  221
232  222
232  226
232  237
232  69
232  90
232  96
233  155
233  168
233  192
233  194
233  195
233  205
233  207
233  210
233  212
233  213
233  214
233  218
233  219
233  219
233  223
233  232
233  36
233  99
234  101
234  130
234  131
234  162
234  162
234  166
234  173
234  176
234  199
234  204
234  204
234  208
234  212
234  213
234  216
234  216
234  218
234  219
234  220
234  221
234  221
234  222
234  222
234  222
234  223
234  224
234  225
234  225
234  226
234  228
234  232
234  75
235  111
235  160
235  170
235  170
235  175
235  179
235  179
235  182
235  190
235  192
235  200
235  202
235  203
235  205
235  207
235  208
235  215
235  215
235  218
235  219
235  222
235  52
236  118
236  173
236  185
236  192
236  202
236  206
236  213
236  214
236  214
236  215
236  220
236  222
236  225
236  229
236  230
236  67
237  104
237  109
237  154
237  154
237  191
237  210
237  212
237  212
237  215
237  215
237  216
237  217
237  218
237  224
237  229
237  238
237  88
237  89
238  131
238  200
238  203
238  205
238  207
238  215
238  216
238  218
238  218
238  221
238  222
238  224
238  87
238  93
239  124
239  127
239  184
239  190
239  195
239  206
239  208
239  208
239  211
239  216
239  219
239  219
239  224
239  232
239  76
239  87
24   126
24   130
24   93
240  187
240  191
240  192
240  198
240  210
240  212
240  213
240  215
240  215
240  216
240  217
240  217
240  218
240  223
240  228
240  232
240  28
240  60
240  65
241  102
241  125
241  141
241  191
241  194
241  195
241  201
241  203
241  205
241  206
241  206
241  214
241  221
241  224
241  224
241  225
242  100
242  100
242  128
242  133
242  153
242  175
242  175
242  179
242  209
242  218
242  219
242  224
242  224
242  226
242  226
242  95
243  100
243  107
243  191
243  206
243  207
243  213
243  215
243  216
243  217
243  218
243  64
244  105
244  108
244  205
244  212
244  213
244  215
244  218
244  219
244  220
244  221
244  221
244  225
245  128
245  147
245  148
245  151
245  187
245  217
245  217
245  217
245  218
245  225
245  227
245  232
245  49
245  86
246  127
246  127
246  206
246  223
246  225
246  225
246  228
246  229
246  229
246  85
247  101
247  128
247  137
247  151
247  162
247  173
247  196
247  226
248  100
248  132
248  156
248  169
248  170
248  184
248  186
248  197
248  202
248  211
248  216
248  216
248  216
248  217
248  218
248  222
248  48
248  99
249  100
249  130
249  151
249  160
249  180
249  188
249  200
249  201
249  203
249  204
249  204
249  210
249  212
249  213
249  214
249  215
249  215
249  217
249  218
249  221
249  45
25   74
25   85
25   86
25   94
250  124
250  129
250  149
250  151
250  152
250  169
250  171
250  173
250  176
250  181
250  188
250  188
250  191
250  200
250  201
250  203
250  203
250  205
250  206
250  207
250  210
250  213
250  215
250  217
250  218
250  219
250  221
250  222
250  225
250  227
250  228
250  229
251  156
251  172
251  172
251  172
251  184
251  184
251  187
251  189
251  190
251  191
251  192
251  192
251  206
251  207
251  210
251  211
251  221
251  222
251  222
251  224
251  226
251  228
251  230
251  36
251  42
251  46
251  48
252  129
252  153
252  173
252  174
252  175
252  187
252  192
252  198
252  199
252  203
252  212
252  212
252  213
252  214
252  215
252  219
252  227
252  227
252  228
252  42
252  45
252  47
252  48
252  57
252  59
252  93
253  121
253  137
253  143
253  154
253  175
253  197
253  198
253  202
253  218
253  218
253  220
253  55
253  56
253  68
253  96
254  115
254  154
254  159
254  162
254  200
254  207
254  208
254  218
254  220
254  222
254  58
255  104
255  108
255  111
255  117
255  118
255  128
255  129
255  131
255  135
255  136
255  138
255  143
255  151
255  155
255  157
255  159
255  160
255  164
255  171
255  174
255  176
255  178
255  180
255  181
255  181
255  184
255  190
255  193
255  194
255  195
255  196
255  207
255  208
255  209
255  209
255  211
255  74
255  76
255  82
255  82
255  95
255  98
255  98
26   132
26   87
27   129
27   136
27   152
27   86
28   102
28   109
28   116
29   105
29   113
29   129
3    103
3    104
3    113
3    124
3    128
3    134
3    141
30   105
30   110
30   154
30   174
30   78
31   101
31   115
31   115
31   148
31   82
32   103
32   112
32   162
32   187
32   84
32   93
32   98
33   107
33   135
33   153
33   160
33   190
33   56
33   77
33   83
33   84
34   100
34   105
34   118
34   71
34   88
35   114
35   87
35   98
36   120
36   154
36   162
36   66
36   66
36   81
36   86
36   86
37   103
37   116
37   130
37   93
37   97
38   127
38   190
38   61
38   70
38   80
38   80
39   107
39   110
39   115
39   120
39   133
39   148
39   172
39   62
39   64
39   75
39   78
39   80
39   86
4    173
4    189
4    97
40   145
40   68
40   74
40   74
40   76
40   77
40   95
41   104
41   104
41   131
41   140
41   141
41   162
41   180
41   68
41   71
41   71
41   74
42   113
42   121
42   149
42   160
42   188
42   213
42   65
42   65
42   66
42   68
42   68
42   73
42   74
42   76
43   101
43   142
43   61
43   65
43   67
43   72
43   75
43   82
43   84
43   92
43   93
43   94
44   158
44   65
44   68
44   77
44   77
44   86
44   92
44   99
45   105
45   131
45   132
45   182
45   206
45   68
45   68
45   73
45   74
45   76
45   84
46   103
46   105
46   106
46   118
46   119
46   134
46   138
46   59
46   64
46   69
46   79
46   86
46   91
46   95
47   146
47   156
47   68
47   70
47   72
47   78
48   100
48   113
48   115
48   143
48   157
48   160
48   60
48   66
48   67
48   72
48   72
48   74
48   76
48   80
48   85
48   99
49   110
49   125
49   126
49   209
49   58
49   63
49   64
49   65
49   72
49   72
49   72
5    138
50   102
50   136
50   138
50   139
50   181
50   61
50   75
50   94
51   123
51   127
51   134
51   156
51   174
51   178
51   179
51   202
52   108
52   109
52   124
52   127
52   177
52   60
52   69
52   76
52   97
52   98
53   101
53   111
53   111
53   118
53   120
53   124
53   131
53   63
53   63
53   66
53   68
53   69
53   73
53   85
53   88
53   89
53   90
54   112
54   113
54   131
54   74
54   76
55   120
55   152
55   152
55   165
55   206
55   85
55   90
56   104
56   110
56   124
56   125
56   130
56   139
56   149
56   190
56   204
56   62
56   68
56   70
56   75
57   101
57   108
57   120
57   128
57   175
57   64
57   67
57   72
57   96
58   126
58   60
58   73
58   93
58   95
58   97
58   97
59   104
59   111
59   111
59   113
59   141
59   61
59   66
59   67
59   86
59   93
59   96
6    117
6    131
6    158
60   155
60   193
60   58
60   61
60   61
60   82
60   86
60   93
61   100
61   103
61   124
61   140
61   149
61   174
61   174
61   63
61   77
61   82
61   83
62   100
62   101
62   105
62   106
62   118
62   125
62   132
62   144
62   150
62   155
62   170
62   172
62   63
62   66
62   79
62   82
62   85
62   87
62   89
63   116
63   130
63   152
63   163
63   174
63   207
63   56
63   63
63   71
63   76
63   80
63   81
63   88
63   90
64   108
64   120
64   121
64   142
64   149
64   172
64   180
64   48
64   81
64   84
64   86
65   116
65   122
65   130
65   134
65   138
65   138
65   142
65   145
65   159
65   170
65   180
65   208
65   47
65   49
65   58
65   80
65   84
65   88
65   92
65   93
66   113
66   148
66   77
66   79
66   96
67   139
67   48
67   86
67   94
68   107
68   43
68   61
68   69
68   72
68   81
69   109
69   113
69   115
69   116
69   126
69   139
69   169
69   172
69   173
69   199
69   202
69   57
69   59
69   75
69   86
7    124
7    126
70   116
70   130
70   149
70   158
70   167
70   183
70   47
70   64
70   75
71   113
71   168
71   168
71   198
71   48
71   58
71   72
71   74
71   85
72   105
72   120
72   132
72   78
72   80
73   108
73   108
73   118
73   123
73   144
73   161
73   169
73   85
73   85
73   88
73   90
73   93
74   105
74   106
74   111
74   111
74   119
74   130
74   145
74   146
74   148
74   148
74   163
74   50
74   57
74   63
74   76
74   92
74   92
74   95
75   103
75   116
75   118
75   121
75   148
75   153
75   155
75   175
75   176
75   59
75   59
75   61
75   66
76   103
76   111
76   112
76   157
76   164
76   165
76   175
76   224
76   48
76   56
76   56
76   57
76   86
77   103
77   107
77   112
77   120
77   136
77   154
77   161
77   170
77   45
77   59
77   88
77   92
77   98
78   100
78   105
78   107
78   163
78   189
78   206
78   60
78   69
78   80
78   89
79   100
79   130
79   142
79   151
79   166
79   192
79   206
79   50
79   55
79   65
8    109
8    66
80   104
80   112
80   130
80   139
80   158
80   169
80   217
80   80
81   114
81   115
81   160
81   161
81   185
81   55
81   56
81   56
81   56
81   57
81   58
81   68
81   85
81   92
81   97
82   100
82   102
82   108
82   129
82   152
82   198
82   202
82   44
82   47
82   58
82   58
82   62
82   80
82   93
82   96
83   105
83   131
83   135
83   142
83   148
83   183
83   50
83   69
83   96
83   97
83   99
84   106
84   109
84   119
84   119
84   133
84   151
84   194
84   194
84   56
84   60
84   66
84   90
84   94
85   102
85   112
85   130
85   136
85   143
85   144
85   214
85   45
85   55
85   60
85   62
85   78
85   79
86   124
86   134
86   141
86   195
86   45
86   49
86   59
86   60
86   73
86   78
86   98
87   105
87   106
87   128
87   136
87   144
87   147
87   165
87   171
87   174
87   176
87   180
87   197
87   220
87   42
87   53
87   55
87   80
87   98
88   100
88   103
88   106
88   112
88   125
88   140
88   160
88   188
88   194
88   55
88   56
88   56
88   57
88   58
88   68
88   78
89   101
89   104
89   106
89   114
89   130
89   176
89   185
89   194
89   207
89   217
89   56
89   77
89   95
9    114
9    117
90   104
90   106
90   112
90   114
90   135
90   140
90   157
90   160
90   161
90   54
90   57
90   64
90   66
90   82
90   85
90   92
90   99
91   104
91   105
91   110
91   113
91   124
91   132
91   156
91   174
91   215
91   48
91   58
91   60
91   67
91   73
91   84
91   96
92   114
92   122
92   126
92   55
92   55
92   56
92   58
92   58
92   59
93   128
93   155
93   169
93   171
93   190
93   197
93   65
93   66
93   72
93   81
93   81
93   83
93   98
94   113
94   119
94   119
94   121
94   124
94   128
94   145
94   161
94   172
94   181
94   53
94   56
94   57
94   57
94   81
94   85
94   89
94   90
95   103
95   110
95   113
95   130
95   143
95   164
95   191
95   47
95   50
95   54
95   55
95   55
95   56
95   59
95   60
95   61
95   63
95   66
95   67
95   68
95   81
95   85
95   85
95   86
95   90
95   98
96   111
96   119
96   121
96   121
96   132
96   142
96   145
96   147
96   155
96   156
96   166
96   188
96   188
96   190
96   191
96   46
96   56
96   58
96   59
96   63
96   78
96   85
96   88
96   91
97   129
97   130
97   149
97   163
97   190
97   214
97   220
97   61
97   61
97   67
97   71
97   71
97   72
97   72
97   81
97   82
97   82
97   83
97   85
98   116
98   117
98   139
98   143
98   155
98   166
98   170
98   176
98   186
98   51
98   55
98   61
98   62
98   66
98   68
98   72
98   88
98   90
99   113
99   119
99   147
99   183
99   191
99   46
99   51
99   60
99   64
99   64
99   66
99   72
99   83
99   83
99   84
99   89
99   91
99   93
99   99
