0    100
0    101
0    101
0    102
0    102
0    103
0    103
0    103
0    104
0    104
0    105
0    105
0    107
0    108
0    110
0    113
0    115
0    115
0    115
0    116
0    118
0    118
0    119
0    119
0    121
0    121
0    121
0    121
0    122
0    122
0    125
0    126
0    127
0    127
0    128
0    129
0    129
0    130
0    131
0    132
0    132
0    132
0    132
0    135
0    135
0    137
0    138
0    138
0    138
0    140
0    141
0    141
0    142
0    142
0    144
0    146
0    146
0    146
0    148
0    150
0    151
0    152
0    157
0    160
0    169
0    83
0    84
0    85
0    87
0    89
0    91
0    91
0    91
0    92
0    92
0    93
0    94
0    95
0    96
0    96
0    97
0    98
0    99
0    99
1    110
1    153
1    173
1    82
1    99
10   112
10   138
10   151
100  108
100  111
100  123
100  128
100  146
100  167
100  175
100  183
100  190
100  195
100  209
100  51
100  57
100  80
100  83
100  85
100  87
100  98
100  98
101  103
101  105
101  107
101  108
101  113
101  118
101  121
101  132
101  134
101  134
101  134
101  140
101  151
101  154
101  162
101  206
101  67
101  68
101  79
102  102
102  107
102  108
102  111
102  122
102  124
102  131
102  166
102  171
102  172
102  184
102  189
102  208
102  63
102  67
102  83
102  88
102  93
103  113
103  120
103  121
103  149
103  153
103  161
103  161
103  168
103  173
103  64
103  65
103  66
103  73
103  73
103  73
103  86
103  93
104  102
104  109
104  113
104  124
104  141
104  198
104  57
104  85
104  92
104  94
104  99
105  101
105  105
105  106
105  110
105  111
105  113
105  117
105  128
105  161
105  181
105  71
105  77
105  78
105  88
105  95
105  96
106  129
106  129
106  132
106  150
106  154
106  154
106  56
106  57
106  59
106  67
106  80
106  83
106  84
107  125
107  125
107  126
107  131
107  133
107  136
107  139
107  139
107  146
107  151
107  167
107  179
107  189
107  58
107  69
107  70
107  71
107  74
107  81
107  90
107  94
107  95
107  95
107  95
108  100
108  105
108  109
108  111
108  114
108  114
108  124
108  145
108  147
108  157
108  172
108  190
108  193
108  200
108  56
108  73
108  96
108  98
108  99
109  110
109  118
109  118
109  135
109  138
109  146
109  155
109  158
109  59
109  67
109  68
109  70
109  81
109  86
109  97
109  97
109  98
11   105
11   93
110  101
110  104
110  104
110  105
110  105
110  112
110  122
110  122
110  139
110  147
110  151
110  156
110  180
110  181
110  51
110  67
110  86
110  96
110  98
111  105
111  111
111  117
111  130
111  143
111  152
111  161
111  167
111  171
111  179
111  195
111  57
111  64
111  67
111  86
111  87
111  90
111  95
111  96
112  102
112  167
112  181
112  187
112  189
112  197
112  83
112  89
112  90
112  95
112  97
113  101
113  105
113  107
113  111
113  122
113  122
113  133
113  137
113  154
113  155
113  158
113  186
113  56
113  56
113  80
113  84
113  96
113  98
114  102
114  105
114  105
114  110
114  110
114  116
114  120
114  128
114  137
114  145
114  152
114  153
114  200
114  215
114  67
114  95
115  105
115  108
115  116
115  118
115  143
115  151
115  157
115  199
115  204
115  72
115  80
115  81
115  89
115  93
115  98
116  101
116  103
116  111
116  131
116  135
116  154
116  155
116  172
116  188
116  201
116  68
116  88
116  96
116  98
117  103
117  104
117  107
117  109
117  110
117  111
117  112
117  112
117  113
117  115
117  125
117  126
117  141
117  141
117  143
117  144
117  145
117  152
117  163
117  169
117  183
117  194
117  73
117  84
117  97
118  105
118  119
118  122
118  128
118  130
118  162
118  166
118  166
118  197
118  199
118  201
118  201
118  55
118  59
118  62
118  70
118  91
118  98
118  99
119  102
119  102
119  103
119  104
119  108
119  110
119  116
119  116
119  117
119  121
119  126
119  131
119  144
119  148
119  150
119  151
119  161
119  171
119  175
119  188
119  57
119  66
119  69
119  81
119  88
119  91
119  94
119  94
119  94
12   100
120  107
120  108
120  109
120  126
120  136
120  146
120  152
120  164
120  165
120  191
120  207
120  50
120  59
120  72
120  85
120  99
121  108
121  111
121  128
121  151
121  164
121  168
121  170
121  175
121  178
121  183
121  195
121  204
121  204
121  61
121  82
121  83
121  97
122  107
122  108
122  110
122  129
122  135
122  137
122  139
122  141
122  141
122  145
122  148
122  151
122  155
122  168
122  205
122  68
122  70
122  89
123  108
123  131
123  132
123  133
123  144
123  144
123  156
123  159
123  171
123  173
123  178
123  181
123  192
123  200
123  205
123  217
123  96
124  102
124  103
124  107
124  108
124  113
124  114
124  115
124  120
124  123
124  136
124  137
124  143
124  156
124  170
124  173
124  178
124  179
124  189
124  54
124  56
124  56
124  72
125  101
125  102
125  104
125  107
125  109
125  113
125  113
125  116
125  119
125  125
125  130
125  135
125  148
125  150
125  157
125  159
125  163
125  165
125  197
125  199
125  73
126  105
126  113
126  114
126  116
126  117
126  119
126  122
126  128
126  133
126  135
126  142
126  178
126  180
126  183
126  185
126  189
126  195
126  198
126  55
126  57
126  58
126  90
126  97
127  100
127  104
127  108
127  109
127  115
127  116
127  117
127  119
127  122
127  123
127  130
127  134
127  143
127  150
127  151
127  161
127  162
127  188
127  189
127  192
127  201
127  202
127  207
127  81
127  85
127  89
128  110
128  112
128  119
128  121
128  121
128  129
128  136
128  148
128  153
128  166
128  174
128  187
128  212
128  217
128  68
128  70
128  85
129  100
129  101
129  101
129  104
129  107
129  111
129  124
129  125
129  126
129  144
129  161
129  167
129  174
129  184
129  188
129  215
13   125
13   71
13   96
13   99
130  107
130  111
130  111
130  111
130  123
130  126
130  129
130  134
130  136
130  137
130  140
130  140
130  156
130  170
130  173
130  197
130  219
130  70
130  72
130  84
130  97
130  99
131  105
131  109
131  115
131  116
131  116
131  117
131  117
131  126
131  129
131  133
131  133
131  133
131  142
131  171
131  174
131  175
131  209
131  98
131  99
132  111
132  123
132  124
132  138
132  169
132  176
132  204
132  57
132  84
132  95
132  96
133  107
133  107
133  109
133  110
133  111
133  112
133  126
133  149
133  157
133  158
133  162
133  166
133  172
133  178
133  194
133  195
133  199
134  104
134  107
134  110
134  124
134  126
134  148
134  199
134  203
134  71
135  112
135  120
135  120
135  125
135  128
135  142
135  180
135  190
135  206
136  120
136  134
136  135
136  138
136  148
136  148
136  152
136  164
136  165
136  176
136  182
136  196
136  202
136  68
136  73
136  78
136  89
136  93
136  95
137  104
137  117
137  118
137  121
137  121
137  122
137  126
137  127
137  127
137  145
137  149
137  159
137  159
137  161
137  164
137  166
137  171
137  179
137  200
137  210
137  83
137  85
137  98
138  106
138  125
138  127
138  129
138  142
138  152
138  173
138  175
138  175
138  181
138  186
138  57
138  59
138  84
138  87
139  104
139  113
139  116
139  117
139  126
139  126
139  126
139  128
139  129
139  129
139  131
139  133
139  135
139  150
139  150
139  155
139  157
139  162
139  164
139  172
139  184
139  184
139  190
139  198
139  202
139  211
139  211
139  213
139  213
139  77
139  78
139  87
14   135
14   78
14   80
140  102
140  115
140  124
140  129
140  129
140  138
140  141
140  152
140  157
140  163
140  170
140  170
140  174
140  175
140  178
140  188
140  189
140  209
140  217
140  70
140  71
141  100
141  107
141  108
141  122
141  130
141  132
141  135
141  148
141  151
141  159
141  165
141  170
141  171
141  174
141  180
141  183
141  196
141  79
142  105
142  110
142  111
142  111
142  114
142  123
142  141
142  164
142  169
142  172
142  189
142  195
142  203
142  210
142  54
142  93
142  98
143  102
143  104
143  108
143  120
143  127
143  129
143  133
143  152
143  157
143  168
143  173
143  180
143  188
143  191
143  203
143  206
143  224
144  100
144  109
144  119
144  121
144  123
144  129
144  129
144  129
144  137
144  139
144  142
144  148
144  154
144  163
144  173
144  181
144  194
144  212
144  59
144  90
145  109
145  113
145  121
145  123
145  142
145  152
145  152
145  153
145  161
145  161
145  162
145  195
145  195
145  206
146  119
146  120
146  124
146  124
146  128
146  142
146  144
146  149
146  156
146  184
146  200
146  213
147  116
147  119
147  133
147  133
147  137
147  139
147  143
147  144
147  144
147  152
147  157
147  165
147  188
147  192
147  203
147  212
147  216
148  105
148  110
148  125
148  127
148  128
148  132
148  133
148  135
148  141
148  142
148  144
148  146
148  154
148  165
148  167
148  169
148  170
148  170
148  185
148  189
148  204
148  211
148  212
148  48
148  87
149  111
149  126
149  136
149  138
149  156
149  160
149  162
149  180
149  182
149  187
149  189
149  190
149  192
149  204
149  207
149  216
149  227
149  99
15   142
15   150
15   161
15   75
15   93
150  116
150  126
150  130
150  131
150  133
150  133
150  134
150  134
150  141
150  148
150  149
150  149
150  153
150  167
150  179
150  187
150  191
150  199
150  200
150  206
150  208
150  217
150  73
150  77
151  109
151  112
151  136
151  142
151  144
151  145
151  146
151  158
151  162
151  175
151  178
151  180
151  189
151  190
151  199
151  216
151  52
151  97
151  98
152  101
152  104
152  115
152  115
152  116
152  122
152  128
152  130
152  141
152  148
152  154
152  156
152  161
152  166
152  169
152  181
152  191
152  197
152  200
152  203
152  205
152  212
152  222
152  64
152  86
153  101
153  110
153  122
153  129
153  139
153  149
153  155
153  159
153  167
153  195
153  211
154  114
154  143
154  154
154  178
154  180
154  185
154  188
154  189
154  190
154  214
154  222
154  83
155  101
155  121
155  128
155  135
155  149
155  158
155  174
155  175
155  178
155  179
155  180
155  185
155  189
155  190
155  194
155  198
155  218
155  220
155  227
155  85
156  105
156  133
156  136
156  147
156  148
156  154
156  172
156  208
156  210
156  210
156  229
156  74
157  105
157  118
157  122
157  123
157  132
157  136
157  146
157  146
157  147
157  148
157  148
157  151
157  153
157  159
157  166
157  169
157  184
157  191
157  193
157  203
157  214
157  220
157  65
158  107
158  120
158  121
158  124
158  128
158  128
158  129
158  148
158  156
158  166
158  168
158  184
158  184
158  209
158  211
158  216
158  218
159  107
159  109
159  110
159  123
159  136
159  141
159  145
159  145
159  146
159  147
159  172
159  177
159  180
159  188
159  189
159  189
159  195
159  200
159  202
159  209
159  213
159  54
159  81
159  85
16   79
16   89
16   98
160  130
160  132
160  138
160  141
160  146
160  147
160  159
160  170
160  176
160  178
160  183
160  183
160  191
160  192
160  202
161  119
161  131
161  136
161  137
161  139
161  140
161  150
161  152
161  157
161  158
161  163
161  170
161  177
161  186
161  188
161  190
161  191
161  196
161  204
161  210
161  216
161  221
161  66
162  123
162  123
162  127
162  131
162  138
162  152
162  152
162  153
162  153
162  156
162  160
162  171
162  175
162  185
162  188
162  196
162  200
162  207
162  213
163  106
163  110
163  111
163  115
163  117
163  143
163  148
163  172
163  172
163  182
163  185
163  197
163  199
163  211
163  215
163  83
163  99
164  113
164  125
164  135
164  144
164  149
164  149
164  158
164  158
164  175
164  176
164  192
164  192
164  200
164  205
164  214
164  221
164  223
164  227
164  51
165  105
165  135
165  141
165  150
165  151
165  152
165  152
165  156
165  172
165  173
165  174
165  175
165  179
165  181
165  183
165  185
165  201
165  203
165  208
165  208
165  208
165  215
165  221
165  221
165  223
166  114
166  143
166  151
166  161
166  163
166  164
166  169
166  174
166  175
166  181
166  190
166  195
166  196
166  200
166  203
166  218
166  61
166  87
167  115
167  118
167  132
167  155
167  156
167  160
167  164
167  168
167  171
167  178
167  184
167  187
167  190
167  193
167  198
167  202
167  203
167  203
167  207
167  218
167  221
167  224
167  232
167  57
167  80
168  153
168  155
168  163
168  164
168  165
168  173
168  201
168  205
168  210
168  213
168  92
169  111
169  115
169  120
169  133
169  136
169  140
169  151
169  152
169  153
169  155
169  155
169  159
169  164
169  165
169  166
169  181
169  188
169  193
169  196
169  199
169  206
169  211
17   127
17   69
17   94
170  102
170  103
170  105
170  118
170  131
170  138
170  143
170  148
170  150
170  169
170  176
170  191
170  196
170  199
170  215
170  220
170  225
171  135
171  145
171  155
171  157
171  168
171  169
171  174
171  186
171  191
171  194
171  205
171  215
171  216
171  223
171  224
171  72
171  77
172  140
172  152
172  163
172  167
172  178
172  180
172  193
172  201
172  207
172  215
172  216
172  222
172  222
172  225
173  120
173  121
173  126
173  144
173  146
173  149
173  150
173  151
173  164
173  165
173  170
173  171
173  175
173  176
173  178
173  184
173  185
173  189
173  198
173  212
173  218
173  224
173  234
173  75
173  84
173  85
174  117
174  137
174  139
174  139
174  140
174  144
174  144
174  146
174  161
174  175
174  175
174  190
174  203
174  205
174  213
174  219
174  223
174  226
174  59
174  69
175  151
175  153
175  168
175  169
175  183
175  195
175  197
175  201
175  205
175  205
175  209
175  209
175  211
175  214
175  220
175  226
175  235
176  104
176  126
176  128
176  142
176  147
176  151
176  158
176  164
176  167
176  168
176  168
176  169
176  172
176  192
176  195
176  206
176  214
176  222
176  222
176  229
176  230
176  233
177  128
177  143
177  157
177  167
177  168
177  169
177  170
177  179
177  180
177  185
177  186
177  188
177  190
177  197
177  198
177  212
177  217
177  218
177  71
178  142
178  147
178  156
178  158
178  158
178  167
178  168
178  170
178  176
178  176
178  184
178  187
178  188
178  200
178  201
178  201
178  205
178  207
178  207
178  224
178  227
179  115
179  129
179  151
179  154
179  163
179  164
179  166
179  166
179  167
179  168
179  197
179  200
179  205
179  213
179  214
179  219
179  220
179  221
179  229
179  235
179  89
18   116
18   119
18   123
18   130
18   86
18   90
180  113
180  114
180  116
180  137
180  140
180  152
180  153
180  171
180  179
180  190
180  192
180  194
180  200
180  200
180  204
180  205
180  207
180  213
180  213
180  225
180  73
181  127
181  158
181  159
181  168
181  172
181  173
181  173
181  177
181  179
181  181
181  182
181  188
181  192
181  195
181  207
181  209
181  210
181  210
181  214
181  222
182  110
182  111
182  126
182  160
182  162
182  164
182  174
182  189
182  195
182  198
182  200
182  202
182  214
182  219
182  221
182  87
183  119
183  126
183  129
183  137
183  151
183  154
183  155
183  155
183  161
183  164
183  171
183  178
183  181
183  190
183  197
183  197
183  204
183  206
183  208
183  211
183  219
183  225
183  68
183  77
184  111
184  132
184  148
184  150
184  152
184  164
184  171
184  171
184  172
184  176
184  191
184  192
184  192
184  197
184  201
184  206
184  207
184  212
184  222
184  222
184  224
184  235
185  117
185  120
185  125
185  130
185  143
185  170
185  170
185  171
185  181
185  182
185  187
185  187
185  189
185  193
185  199
185  201
185  211
185  214
185  215
185  217
185  224
185  225
185  231
186  141
186  144
186  154
186  155
186  158
186  173
186  175
186  178
186  182
186  183
186  184
186  189
186  191
186  191
186  197
186  203
186  213
186  215
186  216
186  220
186  220
186  229
186  231
187  139
187  140
187  141
187  143
187  145
187  152
187  159
187  162
187  166
187  174
187  175
187  182
187  199
187  199
187  204
187  210
187  212
187  215
187  216
187  217
187  223
187  230
187  237
187  95
188  138
188  141
188  156
188  166
188  168
188  170
188  171
188  173
188  173
188  176
188  179
188  183
188  184
188  185
188  188
188  193
188  197
188  203
188  216
188  216
188  219
188  224
188  225
188  227
188  230
188  231
188  232
188  73
189  104
189  135
189  139
189  160
189  174
189  186
189  189
189  191
189  198
189  202
189  209
189  212
189  220
189  222
19   108
19   71
19   89
190  123
190  135
190  173
190  177
190  181
190  184
190  184
190  185
190  187
190  188
190  188
190  194
190  195
190  197
190  200
190  204
190  208
190  211
190  213
190  213
190  217
190  221
190  223
190  225
190  237
191  138
191  157
191  161
191  169
191  172
191  183
191  188
191  190
191  192
191  192
191  193
191  200
191  206
191  207
191  208
191  210
191  211
191  214
191  215
191  217
191  221
191  225
191  226
191  228
191  232
192  108
192  139
192  156
192  165
192  172
192  180
192  192
192  194
192  209
192  212
192  213
192  215
192  215
192  217
192  224
192  226
192  230
192  231
192  232
193  108
193  133
193  160
193  163
193  168
193  172
193  176
193  178
193  183
193  204
193  210
193  217
193  220
193  223
193  228
193  233
193  237
194  113
194  125
194  133
194  137
194  143
194  145
194  148
194  163
194  164
194  178
194  185
194  186
194  187
194  187
194  187
194  187
194  189
194  193
194  196
194  198
194  200
194  200
194  204
194  204
194  207
194  208
194  211
194  222
194  224
194  227
194  228
194  229
194  235
194  240
195  133
195  161
195  168
195  170
195  176
195  177
195  178
195  186
195  187
195  188
195  202
195  203
195  214
195  214
195  217
195  224
195  228
195  233
195  236
196  121
196  131
196  142
196  142
196  145
196  156
196  169
196  172
196  175
196  181
196  185
196  185
196  185
196  186
196  186
196  186
196  193
196  199
196  202
196  213
196  218
196  218
196  219
196  226
196  236
196  238
197  129
197  130
197  140
197  142
197  167
197  172
197  173
197  178
197  187
197  189
197  196
197  197
197  206
197  207
197  209
197  211
197  217
197  222
197  232
198  118
198  134
198  158
198  168
198  178
198  179
198  181
198  183
198  188
198  189
198  198
198  204
198  205
198  206
198  213
198  214
198  214
198  216
198  220
198  221
198  221
198  222
198  223
198  225
198  229
198  231
198  240
199  118
199  150
199  156
199  183
199  189
199  190
199  190
199  191
199  192
199  193
199  194
199  195
199  197
199  198
199  199
199  205
199  205
199  207
199  211
199  211
199  212
199  217
199  220
199  224
2    107
2    138
2    85
20   107
20   90
200  116
200  140
200  152
200  155
200  163
200  164
200  164
200  166
200  181
200  183
200  186
200  189
200  194
200  196
200  197
200  206
200  206
200  206
200  211
200  213
200  214
200  215
200  217
200  219
200  222
200  223
200  223
200  227
201  112
201  115
201  144
201  152
201  157
201  159
201  174
201  188
201  188
201  190
201  191
201  195
201  196
201  202
201  203
201  204
201  204
201  204
201  211
201  213
201  218
201  219
201  225
201  226
201  227
201  228
201  228
201  231
201  240
201  44
202  113
202  121
202  150
202  156
202  159
202  171
202  173
202  174
202  175
202  178
202  191
202  191
202  197
202  197
202  199
202  200
202  205
202  206
202  214
202  215
202  219
202  222
202  222
202  224
202  224
202  224
202  237
202  237
202  78
203  165
203  173
203  181
203  184
203  185
203  190
203  190
203  191
203  193
203  198
203  200
203  202
203  208
203  211
203  212
203  213
203  216
203  219
203  223
203  226
203  226
203  226
203  229
203  232
203  235
204  153
204  176
204  186
204  187
204  188
204  189
204  191
204  191
204  208
204  211
204  211
204  221
204  223
204  226
204  226
204  230
204  232
204  233
204  239
204  241
205  127
205  148
205  169
205  181
205  186
205  194
205  195
205  199
205  200
205  202
205  202
205  204
205  206
205  210
205  211
205  214
205  215
205  220
205  222
205  229
205  229
205  231
205  237
205  85
206  144
206  145
206  166
206  180
206  181
206  187
206  195
206  201
206  204
206  204
206  207
206  210
206  214
206  214
206  220
206  220
206  221
206  221
206  225
206  226
206  227
206  229
206  242
206  83
207  144
207  159
207  162
207  178
207  188
207  190
207  199
207  201
207  201
207  201
207  202
207  204
207  209
207  215
207  218
207  222
207  224
207  224
207  225
207  226
207  227
207  228
207  235
207  237
207  237
207  240
208  138
208  143
208  162
208  162
208  164
208  167
208  177
208  186
208  195
208  199
208  199
208  200
208  200
208  201
208  201
208  202
208  203
208  208
208  208
208  210
208  213
208  218
208  222
208  233
209  104
209  142
209  159
209  160
209  175
209  180
209  181
209  182
209  187
209  188
209  194
209  194
209  201
209  204
209  205
209  214
209  215
209  216
209  216
209  219
209  222
209  224
209  226
209  232
209  235
209  235
209  238
209  238
209  239
209  240
209  241
21   103
21   121
21   160
21   71
210  123
210  128
210  136
210  140
210  165
210  185
210  191
210  193
210  195
210  204
210  207
210  210
210  212
210  216
210  217
210  224
210  224
210  227
210  227
210  229
210  234
210  243
211  134
211  152
211  178
211  183
211  185
211  191
211  193
211  193
211  198
211  199
211  206
211  210
211  215
211  216
211  218
211  220
211  222
211  224
211  225
211  227
211  228
211  231
211  238
211  241
211  242
212  161
212  178
212  190
212  195
212  196
212  198
212  200
212  202
212  203
212  204
212  204
212  205
212  205
212  206
212  206
212  207
212  209
212  211
212  211
212  213
212  213
212  217
212  219
212  221
212  223
212  225
212  227
212  230
212  231
212  231
212  57
213  129
213  132
213  139
213  162
213  182
213  183
213  185
213  188
213  197
213  198
213  208
213  209
213  212
213  217
213  218
213  218
213  218
213  222
213  222
213  223
213  224
213  227
213  232
213  235
213  243
214  143
214  177
214  178
214  191
214  191
214  193
214  196
214  198
214  198
214  201
214  205
214  205
214  206
214  208
214  209
214  210
214  212
214  213
214  215
214  216
214  216
214  217
214  217
214  222
214  223
214  224
214  224
214  224
214  227
214  230
214  234
214  234
215  150
215  169
215  173
215  176
215  179
215  189
215  191
215  192
215  192
215  206
215  206
215  209
215  211
215  211
215  214
215  218
215  223
215  225
215  228
215  230
215  232
215  233
215  237
215  243
216  147
216  180
216  184
216  194
216  198
216  200
216  201
216  203
216  204
216  205
216  205
216  206
216  207
216  213
216  214
216  215
216  219
216  222
216  223
216  226
216  228
216  233
216  238
216  239
216  241
216  242
216  91
217  133
217  154
217  196
217  199
217  203
217  203
217  203
217  204
217  204
217  205
217  206
217  206
217  209
217  212
217  213
217  214
217  215
217  215
217  219
217  220
217  221
217  221
217  222
217  225
217  229
217  229
217  230
217  230
217  231
217  233
217  236
217  236
217  241
217  243
217  244
218  126
218  146
218  165
218  169
218  175
218  178
218  182
218  195
218  196
218  209
218  209
218  212
218  219
218  219
218  221
218  224
218  224
218  225
218  228
218  229
218  230
218  232
218  234
218  236
218  238
218  240
218  244
219  160
219  161
219  162
219  178
219  179
219  194
219  211
219  213
219  214
219  214
219  214
219  215
219  215
219  215
219  216
219  217
219  217
219  218
219  227
219  231
219  232
219  235
219  236
219  238
22   109
22   118
22   164
22   165
22   76
220  123
220  144
220  144
220  147
220  150
220  159
220  181
220  186
220  194
220  197
220  207
220  208
220  212
220  213
220  213
220  214
220  214
220  214
220  214
220  217
220  220
220  221
220  224
220  224
220  226
220  228
220  228
220  244
220  244
221  127
221  171
221  182
221  193
221  196
221  197
221  202
221  204
221  204
221  206
221  208
221  208
221  210
221  213
221  218
221  220
221  221
221  223
221  224
221  226
221  230
221  232
221  234
221  241
221  243
221  243
222  147
222  161
222  179
222  180
222  195
222  196
222  200
222  201
222  204
222  206
222  207
222  208
222  208
222  211
222  213
222  215
222  216
222  217
222  219
222  220
222  222
222  223
222  225
222  236
222  237
222  89
223  157
223  163
223  179
223  200
223  202
223  203
223  204
223  205
223  206
223  207
223  210
223  210
223  213
223  215
223  216
223  217
223  217
223  218
223  219
223  223
223  227
223  228
223  234
223  234
223  237
224  185
224  200
224  201
224  207
224  211
224  212
224  212
224  212
224  212
224  217
224  220
224  220
224  220
224  220
224  223
224  223
224  224
224  225
224  225
224  228
224  231
224  234
224  234
224  239
224  239
224  240
225  116
225  137
225  164
225  165
225  187
225  193
225  193
225  194
225  195
225  197
225  206
225  208
225  212
225  217
225  218
225  218
225  222
225  222
225  224
225  225
225  226
225  227
225  233
225  233
225  235
225  235
225  238
225  238
225  245
226  163
226  191
226  194
226  195
226  199
226  200
226  212
226  214
226  215
226  216
226  216
226  216
226  217
226  217
226  217
226  217
226  218
226  219
226  221
226  222
226  222
226  224
226  224
226  224
226  225
226  227
226  230
226  235
226  236
226  241
226  242
226  244
227  162
227  168
227  179
227  180
227  184
227  188
227  191
227  197
227  198
227  209
227  210
227  211
227  212
227  213
227  213
227  216
227  218
227  218
227  220
227  220
227  220
227  220
227  220
227  223
227  224
227  225
227  226
227  228
227  230
227  230
227  230
227  232
227  237
227  240
227  244
227  245
228  137
228  179
228  179
228  206
228  207
228  207
228  208
228  211
228  212
228  212
228  214
228  217
228  218
228  223
228  224
228  224
228  224
228  224
228  225
228  225
228  226
228  227
228  233
228  234
228  239
229  122
229  143
229  160
229  161
229  178
229  197
229  207
229  209
229  210
229  211
229  217
229  219
229  220
229  221
229  223
229  224
229  224
229  224
229  226
229  227
229  235
229  239
229  245
23   164
23   88
230  141
230  167
230  175
230  181
230  197
230  206
230  206
230  207
230  209
230  210
230  211
230  216
230  217
230  220
230  220
230  222
230  223
230  224
230  228
230  230
230  232
230  234
230  235
230  244
230  70
230  77
231  174
231  182
231  199
231  215
231  216
231  217
231  219
231  219
231  219
231  221
231  224
231  225
231  239
231  241
232  134
232  162
232  175
232  183
232  184
232  193
232  194
232  194
232  194
232  195
232  196
232  216
232  219
232  219
232  221
232  222
232  222
232  223
232  223
232  233
232  233
232  242
232  242
233  181
233  182
233  187
233  196
233  211
233  219
233  221
233  223
233  226
233  227
233  229
233  229
233  232
233  233
233  236
233  239
233  240
233  244
234  158
234  177
234  180
234  202
234  207
234  208
234  209
234  209
234  211
234  212
234  212
234  214
234  218
234  220
234  222
234  223
234  223
234  226
234  226
234  226
234  226
234  226
234  226
234  226
234  227
234  227
234  228
234  229
234  237
234  241
234  243
234  246
235  139
235  154
235  178
235  179
235  205
235  217
235  218
235  219
235  219
235  221
235  222
235  222
235  223
235  223
235  223
235  224
235  225
235  227
235  234
235  234
235  238
235  243
236  155
236  186
236  191
236  215
236  218
236  219
236  220
236  221
236  221
236  222
236  222
236  222
236  229
236  229
236  234
236  245
237  172
237  185
237  185
237  185
237  192
237  218
237  218
237  221
237  225
237  226
237  226
237  227
237  229
237  230
237  232
237  232
237  243
237  244
238  146
238  172
238  193
238  197
238  199
238  208
238  210
238  210
238  211
238  226
238  226
238  228
238  238
238  245
239  163
239  192
239  195
239  197
239  199
239  200
239  208
239  209
239  222
239  223
239  236
239  240
239  242
239  243
239  244
239  245
24   144
24   73
24   83
240  173
240  192
240  198
240  207
240  215
240  220
240  222
240  223
240  224
240  227
240  231
240  231
240  231
240  231
240  233
240  239
240  239
240  239
240  76
241  151
241  169
241  194
241  194
241  195
241  198
241  201
241  225
241  227
241  228
241  229
241  231
241  231
241  234
241  238
241  246
242  162
242  174
242  180
242  185
242  196
242  199
242  201
242  212
242  221
242  227
242  228
242  233
242  236
242  243
242  244
242  245
243  183
243  196
243  202
243  209
243  211
243  219
243  221
243  222
243  239
243  243
243  243
244  115
244  189
244  212
244  219
244  220
244  220
244  225
244  233
244  234
244  237
244  242
244  245
245  166
245  203
245  205
245  207
245  213
245  214
245  214
245  222
245  223
245  228
245  244
245  244
245  244
245  82
246  205
246  210
246  211
246  220
246  223
246  228
246  229
246  229
246  230
246  231
247  118
247  180
247  187
247  191
247  203
247  209
247  212
247  224
248  121
248  140
248  196
248  201
248  209
248  217
248  220
248  223
248  223
248  224
248  229
248  230
248  237
248  238
248  239
248  241
248  241
248  245
249  135
249  206
249  212
249  214
249  221
249  225
249  229
249  230
249  231
249  232
249  233
249  234
249  236
249  237
249  240
249  240
249  241
249  242
249  243
249  244
249  86
25   80
25   83
25   86
25   88
250  137
250  184
250  197
250  201
250  213
250  217
250  217
250  219
250  220
250  222
250  222
250  225
250  227
250  229
250  229
250  230
250  232
250  236
250  236
250  236
250  236
250  237
250  237
250  238
250  238
250  239
250  239
250  240
250  240
250  242
250  242
250  243
251  147
251  158
251  204
251  208
251  209
251  214
251  220
251  223
251  224
251  227
251  230
251  230
251  230
251  231
251  231
251  231
251  231
251  232
251  232
251  232
251  233
251  234
251  235
251  235
251  235
251  239
251  240
252  127
252  169
252  186
252  191
252  199
252  211
252  215
252  215
252  215
252  217
252  220
252  220
252  223
252  225
252  225
252  225
252  227
252  227
252  229
252  230
252  231
252  231
252  232
252  233
252  235
252  87
253  134
253  139
253  147
253  149
253  168
253  193
253  197
253  213
253  222
253  223
253  223
253  228
253  229
253  231
253  238
254  146
254  162
254  165
254  209
254  213
254  221
254  221
254  222
254  223
254  224
254  234
255  143
255  151
255  153
255  156
255  157
255  159
255  164
255  164
255  166
255  170
255  170
255  172
255  177
255  178
255  180
255  181
255  182
255  183
255  183
255  187
255  188
255  193
255  193
255  196
255  198
255  198
255  199
255  200
255  204
255  207
255  208
255  210
255  211
255  212
255  212
255  212
255  213
255  213
255  216
255  219
255  221
255  224
255  228
26   67
26   73
27   114
27   121
27   133
27   71
28   107
28   70
28   86
29   123
29   74
29   89
3    135
3    142
3    78
3    79
3    83
3    88
3    96
30   130
30   131
30   151
30   71
30   71
31   105
31   115
31   127
31   140
31   54
32   114
32   158
32   174
32   54
32   67
32   81
32   93
33   108
33   143
33   170
33   55
33   67
33   68
33   76
33   84
33   87
34   68
34   70
34   84
34   90
34   96
35   64
35   67
35   69
36   100
36   115
36   176
36   52
36   67
36   82
36   88
36   91
37   179
37   66
37   67
37   85
37   94
38   123
38   171
38   76
38   77
38   79
38   98
39   105
39   106
39   107
39   107
39   112
39   121
39   46
39   64
39   64
39   68
39   68
39   75
39   86
4    122
4    134
4    95
40   43
40   46
40   50
40   60
40   61
40   93
40   93
41   126
41   135
41   146
41   147
41   157
41   47
41   47
41   58
41   60
41   84
41   86
42   102
42   117
42   129
42   156
42   160
42   167
42   170
42   47
42   50
42   65
42   66
42   72
42   84
42   96
43   100
43   101
43   104
43   111
43   140
43   48
43   48
43   53
43   62
43   63
43   65
43   85
44   186
44   55
44   58
44   60
44   63
44   86
44   90
44   92
45   127
45   155
45   169
45   54
45   59
45   61
45   70
45   75
45   82
45   83
45   86
46   102
46   114
46   115
46   123
46   57
46   72
46   75
46   78
46   83
46   84
46   89
46   89
46   92
46   96
47   125
47   131
47   189
47   48
47   57
47   58
48   102
48   113
48   125
48   152
48   48
48   49
48   54
48   56
48   60
48   63
48   70
48   80
48   81
48   84
48   89
48   99
49   102
49   105
49   129
49   171
49   49
49   51
49   55
49   55
49   56
49   69
49   74
5    80
50   122
50   125
50   171
50   73
50   85
50   88
50   98
50   98
51   124
51   130
51   145
51   154
51   167
51   175
51   81
51   88
52   155
52   176
52   53
52   55
52   61
52   72
52   80
52   85
52   86
52   94
53   102
53   109
53   117
53   52
53   53
53   56
53   58
53   74
53   75
53   80
53   82
53   82
53   85
53   85
53   89
53   91
53   96
54   108
54   128
54   177
54   79
54   89
55   101
55   102
55   105
55   170
55   72
55   75
55   91
56   105
56   109
56   118
56   126
56   136
56   144
56   168
56   52
56   62
56   78
56   86
56   97
56   97
57   126
57   152
57   53
57   53
57   78
57   79
57   79
57   85
57   85
58   123
58   53
58   69
58   76
58   80
58   82
58   83
59   105
59   108
59   137
59   151
59   183
59   68
59   74
59   82
59   88
59   96
59   97
6    118
6    147
6    81
60   102
60   152
60   52
60   64
60   75
60   77
60   89
60   98
61   105
61   123
61   135
61   167
61   185
61   52
61   53
61   71
61   71
61   79
61   94
62   103
62   104
62   107
62   117
62   120
62   123
62   139
62   143
62   162
62   163
62   53
62   53
62   67
62   68
62   68
62   71
62   76
62   78
62   96
63   105
63   114
63   119
63   164
63   180
63   187
63   52
63   53
63   65
63   67
63   67
63   67
63   70
63   96
64   102
64   122
64   142
64   170
64   50
64   69
64   73
64   74
64   88
64   91
64   97
65   101
65   107
65   111
65   117
65   119
65   122
65   154
65   164
65   165
65   181
65   50
65   51
65   52
65   54
65   70
65   71
65   74
65   74
65   85
65   98
66   117
66   149
66   53
66   66
66   78
67   51
67   76
67   81
67   95
68   109
68   118
68   54
68   55
68   66
68   86
69   111
69   118
69   120
69   121
69   124
69   136
69   138
69   175
69   195
69   53
69   54
69   77
69   84
69   92
69   98
7    110
7    125
70   121
70   158
70   159
70   194
70   55
70   60
70   98
70   98
70   99
71   100
71   127
71   128
71   147
71   167
71   198
71   51
71   55
71   76
72   117
72   120
72   53
72   68
72   88
73   108
73   113
73   118
73   123
73   156
73   70
73   76
73   77
73   78
73   82
73   86
73   96
74   117
74   127
74   137
74   147
74   156
74   172
74   174
74   55
74   55
74   79
74   82
74   82
74   89
74   91
74   93
74   93
74   93
74   94
75   114
75   121
75   123
75   132
75   145
75   147
75   55
75   55
75   56
75   73
75   74
75   87
75   98
76   106
76   118
76   122
76   129
76   152
76   173
76   51
76   56
76   68
76   73
76   74
76   83
76   85
77   105
77   110
77   120
77   130
77   139
77   141
77   150
77   59
77   77
77   79
77   81
77   88
77   93
78   102
78   121
78   122
78   135
78   188
78   54
78   63
78   73
78   77
78   84
79   100
79   111
79   111
79   148
79   165
79   179
79   189
79   57
79   66
79   99
8    113
8    141
80   104
80   112
80   112
80   117
80   120
80   131
80   172
80   53
81   106
81   114
81   133
81   157
81   161
81   56
81   56
81   56
81   68
81   78
81   83
81   88
81   90
81   92
81   98
82   106
82   112
82   118
82   126
82   184
82   185
82   187
82   52
82   56
82   56
82   56
82   58
82   70
82   75
82   82
83   103
83   104
83   120
83   121
83   137
83   139
83   145
83   163
83   56
83   58
83   69
84   106
84   106
84   118
84   134
84   143
84   170
84   197
84   56
84   56
84   69
84   73
84   79
84   95
85   111
85   132
85   141
85   173
85   180
85   59
85   62
85   66
85   75
85   82
85   82
85   86
85   92
86   100
86   112
86   142
86   152
86   183
86   57
86   60
86   61
86   65
86   90
86   93
87   104
87   112
87   115
87   117
87   128
87   130
87   137
87   140
87   160
87   187
87   188
87   56
87   58
87   60
87   71
87   75
87   93
87   96
88   107
88   111
88   122
88   133
88   145
88   163
88   172
88   190
88   57
88   60
88   70
88   75
88   84
88   84
88   92
88   95
89   101
89   104
89   119
89   128
89   130
89   135
89   135
89   170
89   186
89   191
89   57
89   83
89   95
9    108
9    97
90   100
90   100
90   102
90   108
90   149
90   167
90   185
90   202
90   58
90   61
90   67
90   71
90   76
90   77
90   95
90   95
90   99
91   101
91   106
91   107
91   108
91   110
91   111
91   124
91   135
91   141
91   151
91   184
91   52
91   65
91   70
91   77
91   84
92   118
92   127
92   168
92   56
92   56
92   79
92   82
92   85
92   99
93   112
93   116
93   134
93   140
93   164
93   179
93   180
93   58
93   66
93   78
93   81
93   81
93   97
94   103
94   122
94   126
94   127
94   130
94   142
94   144
94   158
94   57
94   65
94   72
94   74
94   78
94   79
94   81
94   88
94   90
94   99
95   101
95   105
95   107
95   110
95   119
95   121
95   131
95   185
95   56
95   58
95   60
95   62
95   62
95   62
95   66
95   70
95   75
95   77
95   84
95   84
95   88
95   90
95   97
95   98
95   98
95   99
96   101
96   108
96   109
96   113
96   121
96   133
96   141
96   150
96   151
96   159
96   167
96   182
96   187
96   199
96   53
96   57
96   72
96   79
96   80
96   83
96   86
96   92
96   92
96   97
97   124
97   125
97   131
97   135
97   153
97   157
97   158
97   186
97   193
97   201
97   61
97   66
97   68
97   78
97   80
97   84
97   84
97   87
97   89
98   108
98   112
98   124
98   126
98   143
98   145
98   146
98   159
98   174
98   177
98   57
98   57
98   61
98   63
98   72
98   79
98   90
98   92
99   109
99   109
99   111
99   149
99   152
99   155
99   164
99   61
99   64
99   65
99   65
99   86
99   88
99   91
99   92
99   93
99   95
99   96
99   98
