0    100  111
0    101  105
0    101  143
0    102  132
0    102  166
0    103  131
0    103  131
0    103  154
0    104  116
0    104  160
0    105  100
0    105  133
0    107  172
0    108  99
0    110  94
0    113  141
0    115  137
0    115  157
0    115  99
0    116  125
0    118  138
0    118  160
0    119  129
0    119  141
0    121  141
0    121  142
0    121  143
0    121  164
0    122  144
0    122  180
0    125  155
0    126  190
0    127  132
0    127  169
0    128  72
0    129  130
0    129  162
0    130  172
0    131  74
0    132  135
0    132  162
0    132  176
0    132  71
0    135  146
0    135  158
0    137  168
0    138  149
0    138  161
0    138  200
0    140  161
0    141  137
0    141  173
0    142  136
0    142  150
0    144  173
0    146  135
0    146  147
0    146  169
0    148  147
0    150  173
0    151  161
0    152  173
0    157  143
0    160  142
0    169  138
0    83   125
0    84   122
0    85   118
0    87   116
0    89   114
0    91   110
0    91   110
0    91   126
0    92   109
0    92   97
0    93   134
0    94   133
0    95   106
0    96   105
0    96   135
0    97   106
0    98   150
0    99   122
0    99   140
1    110  93
1    153  194
1    173  137
1    82   131
1    99   93
10   112  146
10   138  142
10   151  191
100  108  119
100  111  70
100  123  113
100  128  156
100  146  126
100  167  173
100  175  181
100  183  211
100  190  156
100  195  220
100  209  186
100  51   48
100  57   74
100  80   90
100  83   83
100  85   55
100  87   119
100  98   113
100  98   85
101  103  86
101  105  68
101  107  89
101  108  120
101  113  126
101  118  143
101  121  140
101  132  118
101  134  101
101  134  152
101  134  153
101  140  122
101  151  188
101  154  204
101  162  181
101  206  146
101  67   78
101  68   54
101  79   80
102  102  124
102  107  118
102  108  117
102  111  127
102  122  154
102  124  112
102  131  187
102  166  195
102  171  176
102  172  177
102  184  153
102  189  214
102  208  188
102  63   64
102  67   73
102  83   55
102  88   56
102  93   99
103  113  125
103  120  138
103  121  96
103  149  143
103  153  162
103  161  127
103  161  147
103  168  172
103  173  129
103  64   45
103  65   59
103  66   69
103  73   118
103  73   118
103  73   119
103  86   84
103  93   98
104  102  124
104  109  146
104  113  161
104  124  146
104  141  137
104  198  117
104  57   61
104  85   109
104  92   97
104  94   91
104  99   116
105  101  58
105  105  89
105  106  135
105  110  67
105  111  126
105  113  165
105  117  93
105  128  142
105  161  89
105  181  207
105  71   91
105  77   80
105  78   83
105  88   126
105  95   90
105  96   90
106  129  143
106  129  180
106  132  113
106  150  99
106  154  140
106  154  202
106  56   80
106  57   59
106  59   54
106  67   70
106  80   83
106  83   54
106  84   55
107  125  167
107  125  76
107  126  95
107  131  113
107  133  97
107  136  132
107  139  116
107  139  138
107  146  102
107  151  121
107  167  169
107  179  180
107  189  86
107  58   57
107  69   48
107  70   54
107  71   94
107  74   55
107  81   96
107  90   82
107  94   93
107  95   104
107  95   90
107  95   91
108  100  65
108  105  67
108  109  122
108  111  126
108  114  134
108  114  169
108  124  108
108  145  61
108  147  159
108  157  199
108  172  88
108  190  231
108  193  184
108  200  218
108  56   62
108  73   118
108  96   104
108  98   88
108  99   89
109  110  123
109  118  143
109  118  92
109  135  135
109  138  115
109  146  135
109  155  196
109  158  120
109  59   42
109  67   79
109  68   69
109  70   97
109  81   97
109  86   55
109  97   102
109  97   64
109  98   83
11   105  88
11   93   124
110  101  84
110  104  59
110  104  83
110  105  112
110  105  68
110  112  88
110  122  106
110  122  155
110  139  130
110  147  118
110  151  160
110  156  209
110  180  118
110  181  75
110  51   48
110  67   52
110  86   85
110  96   100
110  98   99
111  105  134
111  111  86
111  117  59
111  130  110
111  143  175
111  152  193
111  161  185
111  167  120
111  171  144
111  179  190
111  195  142
111  57   68
111  64   50
111  67   75
111  86   118
111  87   55
111  90   141
111  95   56
111  96   103
112  102  66
112  167  183
112  181  204
112  187  208
112  189  227
112  197  224
112  83   54
112  89   86
112  90   137
112  95   100
112  97   92
113  101  99
113  105  112
113  107  99
113  111  126
113  122  104
113  122  73
113  133  94
113  137  128
113  154  203
113  155  192
113  158  137
113  186  178
113  56   77
113  56   78
113  80   86
113  84   54
113  96   100
113  98   90
114  102  123
114  105  111
114  105  96
114  110  104
114  110  105
114  116  98
114  120  103
114  128  77
114  137  125
114  145  130
114  152  201
114  153  135
114  200  181
114  215  180
114  67   58
114  95   56
115  105  103
115  108  143
115  116  138
115  118  100
115  143  102
115  151  184
115  157  61
115  199  215
115  204  217
115  72   51
115  80   85
115  81   84
115  89   59
115  93   86
115  98   112
116  101  101
116  103  108
116  111  103
116  131  143
116  135  151
116  154  189
116  155  191
116  172  139
116  188  222
116  201  211
116  68   45
116  88   67
116  96   99
116  98   110
117  103  88
117  104  67
117  107  68
117  109  96
117  110  84
117  111  107
117  112  129
117  112  166
117  113  97
117  115  97
117  125  90
117  126  174
117  141  112
117  141  164
117  143  80
117  144  154
117  145  127
117  152  184
117  163  85
117  169  173
117  183  142
117  194  210
117  73   95
117  84   105
117  97   94
118  105  133
118  119  148
118  122  158
118  128  103
118  130  105
118  162  175
118  166  166
118  166  167
118  197  225
118  199  209
118  201  211
118  201  231
118  55   46
118  59   53
118  62   49
118  70   101
118  91   82
118  98   109
118  99   91
119  102  91
119  102  92
119  103  102
119  104  89
119  108  118
119  110  151
119  116  137
119  116  72
119  117  97
119  121  98
119  126  176
119  131  144
119  144  127
119  148  175
119  150  192
119  151  128
119  161  185
119  171  169
119  175  84
119  188  219
119  57   56
119  66   51
119  69   74
119  81   91
119  88   125
119  91   56
119  94   63
119  94   83
119  94   99
12   100  142
120  107  87
120  108  117
120  109  114
120  126  101
120  136  120
120  146  172
120  152  204
120  164  133
120  165  194
120  191  176
120  207  131
120  50   47
120  59   62
120  72   74
120  85   54
120  99   57
121  108  112
121  111  160
121  128  181
121  151  128
121  164  189
121  168  166
121  170  133
121  175  171
121  178  182
121  183  201
121  195  204
121  204  176
121  204  209
121  61   41
121  82   53
121  83   102
121  97   101
122  107  68
122  108  142
122  110  112
122  129  141
122  135  118
122  137  152
122  139  107
122  141  161
122  141  166
122  145  59
122  148  90
122  151  112
122  155  173
122  168  201
122  205  208
122  68   58
122  70   86
122  89   134
123  108  117
123  131  143
123  132  147
123  133  60
123  144  124
123  144  176
123  156  173
123  159  129
123  171  179
123  173  59
123  178  186
123  181  172
123  192  199
123  200  175
123  205  228
123  217  170
123  96   102
124  102  65
124  103  66
124  107  112
124  108  97
124  113  108
124  114  107
124  115  105
124  120  58
124  123  101
124  136  103
124  137  151
124  143  166
124  156  88
124  170  203
124  173  207
124  178  225
124  179  132
124  189  131
124  54   83
124  56   64
124  56   65
124  72   51
125  101  95
125  102  93
125  104  132
125  107  57
125  109  113
125  113  110
125  113  112
125  116  109
125  119  113
125  125  87
125  130  142
125  135  151
125  148  162
125  150  198
125  157  157
125  159  162
125  163  162
125  165  112
125  197  223
125  199  205
125  73   99
126  105  67
126  113  109
126  114  109
126  116  103
126  117  116
126  119  147
126  122  117
126  128  110
126  133  116
126  135  116
126  142  159
126  178  110
126  180  197
126  183  209
126  185  191
126  189  194
126  195  79
126  198  202
126  55   78
126  57   73
126  58   62
126  90   88
126  97   63
127  100  116
127  104  104
127  108  111
127  109  149
127  115  136
127  116  95
127  117  103
127  119  96
127  122  96
127  123  115
127  130  112
127  134  150
127  143  105
127  150  165
127  151  109
127  161  78
127  162  112
127  188  108
127  189  194
127  192  196
127  201  204
127  202  107
127  207  226
127  81   85
127  85   112
127  89   137
128  110  125
128  112  113
128  119  67
128  121  108
128  121  156
128  129  98
128  136  102
128  148  188
128  153  125
128  166  177
128  174  162
128  187  192
128  212  205
128  217  201
128  68   78
128  70   103
128  85   88
129  100  64
129  101  118
129  101  97
129  104  56
129  107  91
129  111  123
129  124  116
129  125  109
129  126  109
129  144  177
129  161  154
129  167  157
129  174  216
129  184  188
129  188  166
129  215  205
13   125  159
13   71   98
13   96   89
13   99   70
130  107  104
130  111  123
130  111  159
130  111  88
130  123  119
130  126  177
130  129  98
130  134  150
130  136  78
130  137  156
130  140  114
130  140  165
130  156  160
130  170  75
130  173  220
130  197  219
130  219  201
130  70   87
130  72   46
130  84   54
130  97   104
130  99   103
131  105  111
131  109  89
131  115  115
131  116  108
131  116  109
131  117  146
131  117  82
131  126  135
131  129  109
131  133  109
131  133  146
131  133  147
131  142  117
131  171  179
131  174  210
131  175  211
131  209  166
131  98   105
131  99   80
132  111  70
132  123  163
132  124  84
132  138  114
132  169  206
132  176  219
132  204  225
132  57   56
132  84   107
132  95   61
132  96   62
133  107  114
133  107  141
133  109  113
133  110  57
133  111  163
133  112  101
133  126  134
133  149  104
133  157  148
133  158  147
133  162  123
133  166  152
133  172  156
133  178  160
133  194  205
133  195  196
133  199  164
134  104  94
134  107  94
134  110  90
134  124  171
134  126  133
134  148  87
134  199  218
134  203  237
134  71   102
135  112  95
135  120  102
135  120  155
135  125  131
135  128  95
135  142  101
135  180  201
135  190  161
135  206  200
136  120  109
136  134  150
136  135  115
136  138  160
136  148  115
136  148  193
136  152  119
136  164  149
136  165  194
136  176  125
136  182  157
136  196  216
136  202  233
136  68   54
136  73   105
136  78   50
136  89   58
136  93   55
136  95   80
137  104  126
137  117  112
137  118  110
137  121  104
137  121  105
137  122  102
137  126  121
137  127  118
137  127  120
137  145  179
137  149  195
137  159  108
137  159  73
137  161  185
137  164  174
137  166  205
137  171  151
137  179  105
137  200  193
137  210  219
137  83   98
137  85   112
137  98   110
138  106  66
138  125  97
138  127  107
138  129  59
138  142  170
138  152  136
138  173  214
138  175  207
138  175  56
138  181  80
138  186  74
138  57   56
138  59   52
138  84   91
138  87   117
139  104  98
139  113  130
139  116  116
139  117  145
139  126  120
139  126  122
139  126  123
139  128  116
139  129  116
139  129  140
139  131  109
139  133  107
139  135  152
139  150  162
139  150  199
139  155  118
139  157  172
139  162  119
139  164  147
139  172  213
139  184  184
139  184  198
139  190  105
139  198  225
139  202  230
139  211  196
139  211  221
139  213  226
139  213  227
139  77   51
139  78   49
139  87   120
14   135  185
14   78   77
14   80   114
140  102  123
140  115  68
140  124  73
140  129  133
140  129  136
140  138  160
140  141  110
140  152  163
140  157  142
140  163  145
140  170  148
140  170  198
140  174  124
140  175  205
140  178  152
140  188  156
140  189  123
140  209  120
140  217  158
140  70   82
140  71   77
141  100  55
141  107  57
141  108  148
141  122  161
141  130  140
141  132  133
141  135  74
141  148  114
141  151  78
141  159  60
141  165  189
141  170  197
141  171  104
141  174  204
141  180  204
141  183  183
141  196  121
141  79   76
142  105  57
142  110  117
142  111  116
142  111  119
142  114  131
142  123  170
142  141  110
142  164  104
142  169  141
142  172  189
142  189  188
142  195  156
142  203  156
142  210  232
142  54   70
142  93   60
142  98   105
143  102  107
143  104  80
143  108  107
143  120  116
143  127  134
143  129  139
143  133  131
143  152  165
143  157  172
143  168  193
143  173  189
143  180  200
143  188  188
143  191  187
143  203  190
143  206  220
143  224  195
144  100  63
144  109  157
144  119  113
144  121  110
144  123  57
144  129  121
144  129  121
144  129  135
144  137  130
144  139  133
144  142  98
144  148  130
144  154  136
144  163  183
144  173  217
144  181  194
144  194  201
144  212  221
144  59   47
144  90   54
145  109  94
145  113  91
145  121  83
145  123  111
145  142  138
145  152  163
145  152  164
145  153  137
145  161  116
145  161  183
145  162  181
145  195  187
145  195  198
145  206  101
146  119  106
146  120  153
146  124  108
146  124  174
146  128  132
146  142  169
146  144  58
146  149  133
146  156  172
146  184  207
146  200  215
146  213  237
147  116  92
147  119  116
147  133  115
147  133  134
147  137  136
147  139  106
147  143  138
147  144  127
147  144  178
147  152  163
147  157  171
147  165  193
147  188  186
147  192  231
147  203  208
147  212  190
147  216  192
148  105  134
148  110  160
148  125  104
148  127  101
148  128  99
148  132  146
148  133  148
148  135  95
148  141  84
148  142  130
148  144  137
148  146  129
148  154  112
148  165  185
148  167  114
148  169  182
148  170  183
148  170  211
148  185  179
148  189  218
148  204  212
148  211  233
148  212  223
148  48   47
148  87   91
149  111  124
149  126  74
149  136  108
149  138  159
149  156  171
149  160  137
149  162  138
149  180  145
149  182  180
149  187  214
149  189  216
149  190  197
149  192  149
149  204  208
149  207  216
149  216  220
149  227  189
149  99   79
15   142  141
15   150  189
15   161  192
15   75   140
15   93   94
150  116  139
150  126  133
150  130  125
150  131  122
150  133  120
150  133  145
150  134  114
150  134  117
150  141  95
150  148  130
150  149  197
150  149  81
150  153  132
150  167  202
150  179  178
150  187  221
150  191  182
150  199  203
150  200  205
150  206  209
150  208  213
150  217  219
150  73   112
150  77   42
151  109  66
151  112  95
151  136  136
151  142  71
151  144  142
151  145  59
151  146  184
151  158  134
151  162  99
151  175  175
151  178  176
151  180  76
151  189  225
151  190  118
151  199  218
151  216  234
151  52   44
151  97   95
151  98   63
152  101  55
152  104  128
152  115  136
152  115  67
152  116  68
152  122  113
152  128  102
152  130  135
152  141  168
152  148  192
152  154  167
152  156  170
152  161  184
152  166  195
152  169  139
152  181  118
152  191  221
152  197  119
152  200  203
152  203  184
152  205  179
152  212  217
152  222  215
152  64   39
152  86   116
153  101  110
153  110  117
153  122  160
153  129  137
153  139  128
153  149  157
153  155  168
153  159  176
153  167  137
153  195  214
153  211  231
154  114  119
154  143  176
154  154  134
154  178  168
154  180  172
154  185  194
154  188  74
154  189  145
154  190  220
154  214  216
154  222  217
154  83   51
155  101  119
155  121  120
155  128  57
155  135  68
155  149  156
155  158  128
155  174  140
155  175  115
155  178  169
155  179  141
155  180  188
155  185  173
155  189  195
155  190  228
155  194  179
155  198  212
155  218  233
155  220  183
155  227  213
155  85   95
156  105  139
156  133  123
156  136  82
156  147  128
156  148  155
156  154  110
156  172  75
156  208  210
156  210  181
156  210  228
156  229  212
156  74   101
157  105  134
157  118  56
157  122  116
157  123  169
157  132  127
157  136  137
157  146  143
157  146  143
157  147  153
157  148  136
157  148  139
157  151  128
157  153  128
157  159  180
157  166  135
157  169  207
157  184  170
157  191  176
157  193  99
157  203  150
157  214  210
157  220  150
157  65   49
158  107  139
158  120  88
158  121  92
158  124  84
158  128  106
158  128  82
158  129  81
158  148  138
158  156  171
158  166  195
158  168  207
158  184  208
158  184  216
158  209  217
158  211  227
158  216  232
158  218  44
159  107  102
159  109  98
159  110  96
159  123  83
159  136  153
159  141  167
159  145  105
159  145  183
159  146  145
159  147  143
159  172  182
159  177  57
159  180  199
159  188  223
159  189  172
159  189  218
159  195  171
159  200  177
159  202  71
159  209  150
159  213  114
159  54   73
159  81   45
159  85   110
16   79   119
16   89   115
16   98   120
160  130  139
160  132  139
160  138  118
160  141  111
160  146  146
160  147  191
160  159  130
160  170  77
160  176  163
160  178  137
160  183  136
160  183  167
160  191  217
160  192  218
160  202  203
161  119  146
161  131  140
161  136  154
161  137  93
161  139  113
161  140  138
161  150  155
161  152  162
161  157  173
161  158  74
161  163  189
161  170  213
161  177  190
161  186  210
161  188  168
161  190  216
161  191  224
161  196  213
161  204  176
161  210  226
161  216  241
161  221  210
161  66   55
162  123  102
162  123  172
162  127  110
162  131  102
162  138  126
162  152  106
162  152  162
162  153  154
162  153  159
162  156  70
162  160  179
162  171  182
162  175  160
162  185  206
162  188  212
162  196  208
162  200  211
162  207  210
162  213  209
163  106  111
163  110  63
163  111  54
163  115  93
163  117  141
163  143  126
163  148  194
163  172  134
163  172  184
163  182  163
163  185  206
163  197  219
163  199  219
163  211  232
163  215  239
163  83   50
163  99   54
164  113  123
164  125  63
164  135  132
164  144  134
164  149  144
164  149  144
164  158  128
164  158  151
164  175  112
164  176  189
164  192  206
164  192  206
164  200  200
164  205  203
164  214  236
164  221  228
164  223  233
164  227  177
164  51   78
165  105  61
165  135  126
165  141  115
165  150  157
165  151  136
165  152  157
165  152  160
165  156  155
165  172  182
165  173  183
165  174  189
165  175  158
165  179  199
165  181  198
165  183  207
165  185  197
165  201  223
165  203  209
165  208  174
165  208  197
165  208  213
165  215  176
165  221  227
165  221  229
165  223  234
166  114  133
166  143  175
166  151  155
166  161  155
166  163  187
166  164  96
166  169  154
166  174  159
166  175  187
166  181  197
166  190  226
166  195  72
166  196  142
166  200  198
166  203  227
166  218  206
166  61   55
166  87   84
167  115  114
167  118  149
167  132  145
167  155  129
167  156  95
167  160  159
167  164  159
167  168  77
167  171  155
167  178  154
167  184  202
167  187  198
167  190  166
167  193  97
167  198  206
167  202  200
167  203  226
167  203  235
167  207  202
167  218  228
167  221  237
167  224  225
167  232  209
167  57   68
167  80   41
168  153  136
168  155  156
168  163  152
168  164  161
168  165  194
168  173  183
168  201  112
168  205  145
168  210  146
168  213  225
168  92   97
169  111  100
169  115  93
169  120  154
169  133  106
169  136  129
169  140  162
169  151  145
169  152  140
169  153  138
169  155  167
169  155  169
169  159  178
169  164  158
169  165  148
169  166  151
169  181  158
169  188  221
169  193  191
169  196  195
169  199  195
169  206  169
169  211  215
17   127  135
17   69   93
17   94   130
170  102  100
170  103  116
170  105  138
170  118  147
170  131  140
170  138  159
170  143  73
170  148  154
170  150  147
170  169  210
170  176  189
170  191  139
170  196  166
170  199  192
170  215  217
170  220  203
170  225  204
171  135  142
171  145  181
171  155  166
171  157  156
171  168  205
171  169  151
171  174  154
171  186  215
171  191  192
171  194  161
171  205  235
171  215  220
171  216  222
171  223  241
171  224  228
171  72   94
171  77   83
172  140  141
172  152  157
172  163  187
172  167  200
172  178  156
172  180  199
172  193  160
172  201  229
172  207  198
172  215  199
172  216  219
172  222  231
172  222  238
172  225  66
173  120  53
173  121  64
173  126  104
173  144  91
173  146  125
173  149  105
173  150  158
173  151  93
173  164  193
173  165  163
173  170  177
173  171  132
173  175  186
173  176  189
173  178  193
173  184  208
173  185  159
173  189  161
173  198  192
173  212  227
173  218  225
173  224  229
173  234  204
173  75   86
173  84   113
173  85   46
174  117  123
174  137  100
174  139  123
174  139  95
174  140  96
174  144  116
174  144  93
174  146  189
174  161  149
174  175  156
174  175  187
174  190  73
174  203  234
174  205  229
174  213  216
174  219  224
174  223  143
174  226  228
174  59   61
174  69   48
175  151  148
175  153  145
175  168  174
175  169  175
175  183  95
175  195  187
175  197  217
175  201  191
175  205  166
175  205  229
175  209  195
175  209  224
175  211  93
175  214  216
175  220  223
175  226  239
175  235  220
176  104  130
176  126  122
176  128  114
176  142  124
176  147  55
176  151  79
176  158  132
176  164  126
176  167  149
176  168  108
176  168  173
176  169  128
176  172  150
176  192  158
176  195  186
176  206  193
176  214  170
176  222  198
176  222  237
176  229  199
176  230  225
176  233  223
177  128  118
177  143  56
177  157  135
177  167  204
177  168  159
177  169  157
177  170  150
177  179  196
177  180  155
177  185  156
177  186  217
177  188  197
177  190  136
177  197  203
177  198  154
177  212  223
177  217  219
177  218  197
177  71   56
178  142  169
178  147  192
178  156  138
178  158  159
178  158  174
178  167  161
178  168  164
178  170  161
178  176  108
178  176  189
178  184  209
178  187  219
178  188  198
178  200  188
178  201  221
178  201  225
178  205  235
178  207  210
178  207  67
178  224  221
178  227  238
179  115  129
179  129  128
179  151  151
179  154  161
179  163  187
179  164  75
179  166  165
179  166  198
179  167  166
179  168  163
179  197  213
179  200  111
179  205  190
179  213  191
179  214  194
179  219  170
179  220  226
179  221  234
179  229  170
179  235  222
179  89   105
18   116  80
18   119  163
18   123  66
18   130  147
18   86   89
18   90   97
180  113  99
180  114  95
180  116  86
180  137  148
180  140  164
180  152  160
180  153  162
180  171  175
180  179  152
180  190  152
180  192  204
180  194  182
180  200  181
180  200  219
180  204  188
180  205  227
180  207  229
180  213  140
180  213  212
180  225  237
180  73   112
181  127  56
181  158  174
181  159  136
181  168  208
181  172  178
181  173  181
181  173  181
181  177  191
181  179  196
181  181  95
181  182  203
181  188  199
181  192  179
181  195  205
181  207  93
181  209  189
181  210  219
181  210  223
181  214  215
181  222  234
182  110  107
182  111  103
182  126  56
182  160  148
182  162  160
182  164  155
182  174  174
182  189  223
182  195  70
182  198  182
182  200  216
182  202  228
182  214  222
182  219  190
182  221  233
182  87   50
183  119  151
183  126  83
183  129  63
183  137  155
183  151  124
183  154  105
183  155  102
183  155  148
183  161  103
183  164  148
183  171  176
183  178  172
183  181  152
183  190  198
183  197  211
183  197  211
183  204  182
183  206  217
183  208  162
183  211  227
183  219  221
183  225  243
183  68   35
183  77   58
184  111  117
184  132  110
184  148  110
184  150  107
184  152  108
184  164  192
184  171  158
184  171  177
184  172  180
184  176  175
184  191  176
184  192  202
184  192  204
184  197  217
184  201  211
184  206  226
184  207  217
184  212  228
184  222  217
184  222  237
184  224  242
184  235  195
185  117  143
185  120  119
185  125  66
185  130  120
185  143  176
185  170  163
185  170  165
185  171  173
185  181  175
185  182  203
185  187  173
185  187  49
185  189  197
185  193  177
185  199  216
185  201  224
185  211  211
185  214  231
185  215  213
185  217  107
185  224  240
185  225  193
185  231  219
186  141  127
186  144  174
186  154  151
186  155  166
186  158  67
186  173  157
186  175  153
186  178  177
186  182  178
186  183  179
186  184  208
186  189  174
186  191  107
186  191  197
186  197  213
186  203  212
186  213  211
186  215  166
186  216  220
186  220  167
186  220  223
186  229  235
186  231  238
187  139  136
187  140  132
187  141  170
187  143  75
187  145  123
187  152  160
187  159  178
187  162  183
187  166  127
187  174  185
187  175  186
187  182  171
187  199  214
187  199  222
187  204  160
187  210  184
187  212  218
187  215  239
187  216  234
187  217  187
187  223  212
187  230  234
187  237  217
187  95   99
188  138  146
188  141  77
188  156  163
188  166  197
188  168  174
188  170  167
188  171  165
188  173  160
188  173  161
188  176  175
188  179  195
188  183  177
188  184  170
188  185  171
188  188  221
188  193  204
188  197  178
188  203  232
188  216  209
188  216  233
188  219  211
188  224  232
188  225  42
188  227  235
188  230  235
188  231  232
188  232  239
188  73   57
189  104  134
189  135  68
189  139  79
189  160  137
189  174  184
189  186  217
189  189  108
189  191  200
189  198  177
189  202  227
189  209  209
189  212  208
189  220  215
189  222  225
19   108  78
19   71   88
19   89   80
190  123  53
190  135  84
190  173  177
190  177  176
190  181  202
190  184  130
190  184  182
190  185  212
190  187  192
190  188  153
190  188  172
190  194  207
190  195  172
190  197  211
190  200  175
190  204  179
190  208  177
190  211  202
190  213  107
190  213  177
190  217  240
190  221  212
190  223  210
190  225  226
190  237  218
191  138  55
191  157  145
191  161  161
191  169  204
191  172  178
191  183  207
191  188  53
191  190  132
191  192  170
191  192  175
191  193  203
191  200  220
191  206  180
191  207  199
191  208  202
191  210  207
191  211  202
191  214  235
191  215  90
191  217  205
191  221  186
191  225  228
191  226  230
191  228  211
191  232  234
192  108  104
192  139  69
192  156  77
192  165  90
192  172  166
192  180  170
192  192  202
192  194  60
192  209  175
192  212  139
192  213  201
192  215  204
192  215  239
192  217  235
192  224  226
192  226  228
192  230  236
192  231  165
192  232  235
193  108  126
193  133  98
193  160  74
193  163  186
193  168  145
193  172  169
193  176  157
193  178  92
193  183  147
193  204  157
193  210  226
193  217  235
193  220  231
193  223  234
193  228  233
193  233  234
193  237  210
194  113  53
194  125  131
194  133  53
194  137  152
194  143  54
194  145  123
194  148  149
194  163  147
194  164  75
194  178  152
194  185  216
194  186  178
194  187  169
194  187  177
194  187  191
194  187  192
194  189  194
194  193  203
194  196  211
194  198  173
194  200  175
194  200  219
194  204  210
194  204  90
194  207  197
194  208  178
194  211  216
194  222  230
194  224  226
194  227  227
194  228  232
194  229  231
194  235  208
194  240  228
195  133  115
195  161  183
195  168  207
195  170  168
195  176  159
195  177  191
195  178  178
195  186  144
195  187  179
195  188  170
195  202  230
195  203  211
195  214  229
195  214  232
195  217  202
195  224  163
195  228  188
195  233  210
195  236  232
196  121  94
196  131  119
196  142  135
196  142  94
196  145  62
196  156  166
196  169  125
196  172  179
196  175  180
196  181  202
196  185  183
196  185  184
196  185  211
196  186  182
196  186  182
196  186  183
196  193  171
196  199  216
196  202  226
196  213  202
196  218  235
196  218  239
196  219  221
196  226  138
196  236  188
196  238  231
197  129  128
197  130  124
197  140  55
197  142  173
197  167  128
197  172  124
197  173  181
197  178  127
197  187  219
197  189  196
197  196  172
197  197  211
197  206  191
197  207  216
197  209  217
197  211  223
197  217  233
197  222  208
197  232  230
198  118  95
198  134  134
198  158  175
198  168  129
198  178  191
198  179  169
198  181  178
198  183  174
198  188  193
198  189  191
198  198  194
198  204  212
198  205  135
198  206  195
198  213  225
198  214  228
198  214  234
198  216  198
198  220  179
198  221  204
198  221  231
198  222  228
198  223  223
198  225  225
198  229  233
198  231  64
198  240  230
199  118  147
199  150  54
199  156  87
199  183  169
199  189  193
199  190  190
199  190  196
199  191  195
199  192  190
199  193  187
199  194  206
199  195  190
199  197  215
199  198  218
199  199  195
199  205  211
199  205  231
199  207  173
199  211  221
199  211  221
199  212  197
199  217  203
199  220  104
199  224  230
2    107  90
2    138  77
2    85   122
20   107  68
20   90   117
200  116  99
200  140  166
200  152  63
200  155  89
200  163  188
200  164  190
200  164  192
200  166  131
200  181  158
200  183  206
200  186  106
200  189  177
200  194  192
200  196  167
200  197  68
200  206  195
200  206  214
200  206  216
200  211  226
200  213  231
200  214  221
200  215  179
200  217  232
200  219  227
200  222  234
200  223  184
200  223  234
200  227  209
201  112  106
201  115  121
201  144  111
201  152  89
201  157  153
201  159  150
201  174  169
201  188  183
201  188  184
201  190  194
201  191  198
201  195  210
201  196  68
201  202  134
201  203  190
201  204  186
201  204  188
201  204  210
201  211  223
201  213  225
201  218  194
201  219  226
201  225  223
201  226  206
201  227  203
201  228  185
201  228  229
201  231  226
201  240  208
201  44   43
202  113  105
202  121  139
202  150  93
202  156  156
202  159  166
202  171  146
202  173  171
202  174  185
202  175  102
202  178  194
202  191  176
202  191  191
202  197  186
202  197  217
202  199  188
202  200  221
202  205  64
202  206  210
202  214  194
202  215  222
202  219  199
202  222  136
202  222  222
202  224  200
202  224  222
202  224  236
202  237  207
202  237  227
202  78   51
203  165  146
203  173  180
203  181  199
203  184  210
203  185  146
203  190  179
203  190  194
203  191  179
203  193  173
203  198  215
203  200  194
203  202  187
203  208  215
203  211  104
203  212  230
203  213  223
203  216  237
203  219  189
203  223  227
203  226  228
203  226  238
203  226  242
203  229  231
203  232  222
203  235  238
204  153  106
204  176  182
204  186  191
204  187  193
204  188  185
204  189  182
204  191  199
204  191  201
204  208  218
204  211  193
204  211  195
204  221  191
204  223  219
204  226  220
204  226  238
204  230  232
204  232  232
204  233  201
204  239  203
204  241  226
205  127  125
205  148  69
205  169  89
205  181  160
205  186  218
205  194  202
205  195  186
205  199  220
205  200  152
205  202  206
205  202  225
205  204  154
205  206  213
205  210  189
205  211  222
205  214  176
205  215  234
205  220  220
205  222  214
205  229  221
205  229  225
205  231  220
205  237  237
205  85   38
206  144  152
206  145  128
206  166  100
206  180  179
206  181  201
206  187  216
206  195  192
206  201  186
206  204  173
206  204  187
206  207  214
206  210  188
206  214  194
206  214  228
206  220  212
206  220  214
206  221  161
206  221  218
206  225  216
206  226  242
206  227  216
206  229  222
206  242  227
206  83   36
207  144  132
207  159  171
207  162  67
207  178  166
207  188  186
207  190  185
207  199  184
207  201  192
207  201  197
207  201  199
207  202  193
207  204  187
207  209  216
207  215  157
207  218  195
207  222  215
207  224  214
207  224  239
207  225  242
207  226  239
207  227  239
207  228  35
207  235  221
207  237  183
207  237  238
207  240  204
208  138  109
208  143  138
208  162  100
208  162  146
208  164  100
208  167  169
208  177  90
208  186  167
208  195  175
208  199  169
208  199  195
208  200  196
208  200  198
208  201  195
208  201  198
208  202  205
208  203  206
208  208  193
208  208  215
208  210  222
208  213  227
208  218  195
208  222  233
208  233  160
209  104  105
209  142  142
209  159  155
209  160  105
209  175  184
209  180  199
209  181  203
209  182  167
209  187  146
209  188  146
209  194  173
209  194  194
209  201  223
209  204  229
209  205  208
209  214  191
209  215  235
209  216  190
209  216  221
209  219  210
209  222  225
209  224  235
209  226  215
209  232  182
209  235  236
209  235  237
209  238  238
209  238  239
209  239  220
209  240  220
209  241  221
21   103  109
21   121  81
21   160  170
21   71   70
210  123  52
210  128  134
210  136  114
210  140  169
210  165  192
210  185  149
210  191  197
210  193  178
210  195  149
210  204  209
210  207  181
210  210  190
210  212  225
210  216  222
210  217  205
210  224  214
210  224  237
210  227  239
210  227  242
210  229  135
210  234  233
210  243  234
211  134  119
211  152  154
211  178  103
211  183  155
211  185  150
211  191  197
211  193  198
211  193  204
211  198  219
211  199  217
211  206  171
211  210  221
211  215  233
211  216  222
211  218  225
211  220  226
211  222  231
211  224  234
211  225  211
211  227  238
211  228  229
211  231  219
211  238  235
211  241  237
211  242  236
212  161  183
212  178  193
212  190  189
212  195  205
212  196  186
212  198  214
212  200  131
212  202  197
212  203  206
212  204  206
212  204  206
212  205  210
212  205  88
212  206  205
212  206  209
212  207  204
212  209  217
212  211  224
212  211  227
212  213  155
212  213  87
212  217  237
212  219  209
212  221  134
212  223  232
212  225  239
212  227  215
212  230  216
212  231  199
212  231  230
212  57   56
213  129  126
213  132  126
213  139  138
213  162  133
213  182  206
213  183  204
213  185  102
213  188  195
213  197  194
213  198  185
213  208  203
213  209  204
213  212  208
213  217  221
213  218  209
213  218  224
213  218  225
213  222  229
213  222  229
213  223  211
213  224  177
213  227  238
213  232  56
213  235  220
213  243  235
214  143  161
214  177  173
214  178  169
214  191  128
214  191  67
214  193  198
214  196  176
214  198  190
214  198  225
214  201  227
214  205  195
214  205  208
214  206  211
214  208  207
214  209  220
214  210  226
214  212  228
214  213  210
214  215  191
214  216  201
214  216  205
214  217  203
214  217  221
214  222  230
214  223  233
214  224  208
214  224  232
214  224  236
214  227  208
214  230  229
214  234  215
214  234  218
215  150  121
215  169  127
215  173  53
215  176  176
215  179  186
215  189  166
215  191  188
215  192  186
215  192  200
215  206  193
215  206  205
215  209  184
215  211  202
215  211  224
215  214  173
215  218  221
215  223  235
215  225  194
215  228  212
215  230  157
215  232  213
215  233  231
215  237  233
215  243  220
216  147  127
216  180  120
216  184  166
216  194  206
216  198  215
216  200  169
216  201  205
216  203  207
216  204  200
216  205  208
216  205  211
216  206  195
216  207  189
216  213  208
216  214  204
216  215  202
216  219  225
216  222  208
216  223  231
216  226  241
216  228  204
216  233  200
216  238  230
216  239  213
216  241  234
216  242  219
216  91   48
217  133  63
217  154  77
217  196  209
217  199  183
217  203  198
217  203  198
217  203  200
217  204  196
217  204  64
217  205  199
217  206  190
217  206  213
217  209  201
217  212  228
217  213  172
217  214  184
217  215  217
217  215  232
217  219  223
217  220  228
217  221  204
217  221  229
217  222  207
217  225  238
217  229  180
217  229  228
217  230  206
217  230  224
217  231  227
217  233  228
217  236  229
217  236  232
217  241  203
217  243  215
217  244  233
218  126  51
218  146  133
218  165  172
218  169  73
218  175  125
218  178  123
218  182  206
218  195  194
218  196  177
218  209  206
218  209  215
218  212  199
218  219  224
218  219  225
218  221  203
218  224  208
218  224  234
218  225  193
218  228  222
218  229  224
218  230  227
218  232  225
218  234  225
218  236  230
218  238  229
218  240  229
218  244  233
219  160  158
219  161  154
219  162  150
219  178  189
219  179  122
219  194  182
219  211  153
219  213  206
219  214  210
219  214  211
219  214  216
219  215  202
219  215  208
219  215  217
219  216  201
219  217  203
219  217  235
219  218  188
219  227  208
219  231  225
219  232  223
219  235  158
219  236  197
219  238  180
22   109  140
22   118  142
22   164  192
22   165  166
22   76   117
220  123  127
220  144  140
220  144  141
220  147  155
220  150  63
220  159  161
220  181  66
220  186  186
220  194  204
220  197  185
220  207  206
220  208  187
220  212  103
220  213  210
220  213  211
220  214  209
220  214  210
220  214  211
220  214  231
220  217  219
220  220  207
220  221  229
220  224  234
220  224  239
220  226  204
220  228  209
220  228  221
220  244  216
220  244  229
221  127  91
221  171  173
221  182  165
221  193  126
221  196  213
221  197  211
221  202  167
221  204  167
221  204  228
221  206  210
221  208  169
221  208  191
221  210  187
221  213  183
221  218  101
221  220  225
221  221  204
221  223  232
221  224  205
221  226  217
221  230  157
221  232  224
221  234  224
221  241  199
221  243  228
221  243  229
222  147  81
222  161  74
222  179  154
222  180  198
222  195  202
222  196  211
222  200  174
222  201  171
222  204  150
222  206  210
222  207  211
222  208  196
222  208  216
222  211  227
222  213  226
222  215  218
222  216  220
222  217  219
222  219  198
222  220  226
222  222  229
222  223  176
222  225  237
222  236  225
222  237  227
222  89   47
223  157  158
223  163  188
223  179  176
223  200  170
223  202  184
223  203  208
223  204  199
223  205  203
223  206  202
223  207  192
223  210  202
223  210  217
223  213  233
223  215  210
223  216  217
223  217  218
223  217  220
223  218  217
223  219  216
223  223  234
223  227  240
223  228  220
223  234  222
223  234  225
223  237  212
224  185  149
224  200  130
224  201  87
224  207  211
224  211  208
224  212  201
224  212  205
224  212  224
224  212  232
224  217  218
224  220  215
224  220  216
224  220  218
224  220  228
224  223  219
224  223  232
224  224  220
224  225  204
224  225  216
224  228  219
224  231  221
224  234  189
224  234  219
224  239  225
224  239  227
224  240  228
225  116  97
225  137  63
225  164  180
225  165  144
225  187  47
225  193  190
225  193  193
225  194  187
225  195  143
225  197  202
225  206  213
225  208  217
225  212  86
225  217  207
225  218  217
225  218  221
225  222  231
225  222  232
225  224  235
225  225  193
225  226  214
225  227  215
225  233  208
225  233  219
225  235  177
225  235  222
225  238  212
225  238  223
225  245  228
226  163  149
226  191  142
226  194  145
226  195  208
226  199  183
226  200  200
226  212  225
226  214  216
226  215  218
226  216  210
226  216  211
226  216  212
226  217  209
226  217  212
226  217  219
226  217  221
226  218  223
226  219  204
226  221  200
226  222  174
226  222  214
226  224  200
226  224  216
226  224  219
226  225  214
226  227  132
226  230  219
226  235  216
226  236  217
226  241  196
226  242  223
226  244  227
227  162  154
227  168  89
227  179  173
227  180  170
227  184  190
227  188  189
227  191  149
227  197  215
227  198  215
227  209  207
227  210  220
227  211  187
227  212  184
227  213  188
227  213  199
227  216  212
227  218  205
227  218  208
227  220  132
227  220  189
227  220  214
227  220  218
227  220  224
227  223  234
227  224  218
227  225  237
227  226  215
227  228  217
227  230  215
227  230  215
227  230  218
227  232  219
227  237  193
227  240  210
227  244  215
227  245  225
228  137  141
228  179  178
228  179  87
228  206  149
228  207  212
228  207  216
228  208  102
228  211  190
228  212  188
228  212  192
228  214  171
228  217  211
228  218  101
228  223  212
228  224  218
228  224  220
228  224  221
228  224  221
228  225  214
228  225  222
228  226  214
228  227  203
228  233  207
228  234  219
228  239  194
229  122  91
229  143  104
229  160  161
229  161  160
229  178  179
229  197  63
229  207  202
229  209  201
229  210  222
229  211  201
229  217  220
229  219  218
229  220  203
229  221  202
229  223  220
229  224  219
229  224  221
229  224  236
229  226  191
229  227  239
229  235  220
229  239  178
229  245  225
23   164  166
23   88   66
230  141  50
230  167  174
230  175  176
230  181  69
230  197  183
230  206  204
230  206  206
230  207  202
230  209  221
230  210  221
230  211  153
230  216  234
230  217  214
230  220  205
230  220  210
230  222  234
230  223  232
230  224  199
230  228  211
230  230  216
230  232  217
230  234  216
230  235  177
230  244  213
230  70   29
230  77   27
231  174  71
231  182  202
231  199  169
231  215  199
231  216  212
231  217  215
231  219  207
231  219  221
231  219  225
231  221  215
231  224  238
231  225  221
231  239  204
231  241  222
232  134  118
232  162  96
232  175  90
232  183  165
232  184  69
232  193  195
232  194  185
232  194  190
232  194  194
232  195  174
232  196  193
232  216  219
232  219  221
232  219  221
232  221  226
232  222  216
232  222  219
232  223  213
232  223  237
232  233  153
232  233  216
232  242  196
232  242  222
233  181  168
233  182  195
233  187  99
233  196  205
233  211  214
233  219  223
233  221  36
233  223  232
233  226  219
233  227  218
233  229  155
233  229  212
233  232  213
233  233  207
233  236  192
233  239  219
233  240  194
233  244  210
234  158  75
234  177  101
234  180  173
234  202  204
234  207  166
234  208  162
234  209  162
234  209  219
234  211  225
234  212  199
234  212  225
234  214  213
234  218  130
234  220  226
234  222  228
234  223  212
234  223  232
234  226  131
234  226  220
234  226  221
234  226  222
234  226  222
234  226  222
234  226  223
234  227  216
234  227  218
234  228  216
234  229  204
234  237  176
234  241  208
234  243  221
234  246  224
235  139  111
235  154  160
235  178  179
235  179  179
235  205  170
235  217  170
235  218  182
235  219  215
235  219  222
235  221  219
235  222  192
235  222  205
235  223  200
235  223  202
235  223  207
235  224  203
235  225  52
235  227  190
235  234  175
235  234  215
235  238  218
235  243  208
236  155  118
236  186  67
236  191  192
236  215  185
236  218  214
236  219  225
236  220  214
236  221  173
236  221  230
236  222  202
236  222  213
236  222  229
236  229  215
236  229  220
236  234  206
236  245  222
237  172  109
237  185  104
237  185  191
237  185  89
237  192  88
237  218  215
237  218  218
237  221  229
237  225  212
237  226  154
237  226  238
237  227  224
237  229  217
237  230  215
237  232  154
237  232  212
237  243  216
237  244  210
238  146  131
238  172  93
238  193  87
238  197  207
238  199  215
238  208  205
238  210  203
238  210  216
238  211  200
238  226  222
238  226  224
238  228  218
238  238  218
238  245  221
239  163  76
239  192  127
239  195  87
239  197  190
239  199  184
239  200  124
239  208  211
239  209  208
239  222  224
239  223  232
239  236  216
239  240  206
239  242  195
239  243  208
239  244  219
239  245  219
24   144  130
24   73   126
24   83   93
240  173  60
240  192  65
240  198  187
240  207  210
240  215  216
240  220  228
240  222  232
240  223  212
240  224  223
240  227  198
240  231  213
240  231  215
240  231  217
240  231  218
240  233  215
240  239  191
240  239  192
240  239  217
240  76   28
241  151  125
241  169  141
241  194  102
241  194  195
241  195  194
241  198  203
241  201  206
241  225  201
241  227  225
241  228  224
241  229  224
241  231  206
241  231  214
241  234  205
241  238  191
241  246  221
242  162  153
242  174  179
242  180  95
242  185  133
242  196  128
242  199  100
242  201  100
242  212  224
242  221  226
242  227  226
242  228  224
242  233  175
242  236  175
242  243  218
242  244  209
242  245  219
243  183  107
243  196  64
243  202  100
243  209  191
243  211  218
243  219  216
243  221  215
243  222  213
243  239  217
243  243  206
243  243  207
244  115  105
244  189  108
244  212  215
244  219  221
244  220  219
244  220  221
244  225  225
244  233  213
244  234  212
244  237  218
244  242  205
244  245  220
245  166  148
245  203  86
245  205  128
245  207  151
245  213  147
245  214  187
245  214  217
245  222  227
245  223  232
245  228  225
245  244  217
245  244  217
245  244  218
245  82   49
246  205  85
246  210  127
246  211  127
246  220  206
246  223  225
246  228  229
246  229  228
246  229  229
246  230  225
246  231  223
247  118  101
247  180  173
247  187  162
247  191  196
247  203  137
247  209  151
247  212  128
247  224  226
248  121  99
248  140  48
248  196  132
248  201  156
248  209  100
248  217  170
248  220  184
248  223  169
248  223  186
248  224  202
248  229  217
248  230  197
248  237  211
248  238  216
248  239  216
248  241  216
248  241  222
248  245  218
249  135  130
249  206  210
249  212  100
249  214  160
249  221  151
249  225  180
249  229  200
249  230  188
249  231  201
249  232  215
249  233  204
249  234  204
249  236  203
249  237  214
249  240  215
249  240  221
249  241  212
249  242  213
249  243  217
249  244  218
249  86   45
25   80   74
25   83   85
25   86   86
25   88   94
250  137  124
250  184  169
250  197  191
250  201  181
250  213  176
250  217  151
250  217  219
250  219  129
250  220  173
250  222  149
250  222  152
250  225  188
250  227  228
250  229  171
250  229  229
250  230  188
250  232  225
250  236  203
250  236  210
250  236  213
250  236  227
250  237  217
250  237  222
250  238  201
250  238  203
250  239  200
250  239  218
250  240  205
250  240  215
250  242  207
250  242  221
250  243  206
251  147  48
251  158  46
251  204  42
251  208  210
251  209  156
251  214  36
251  220  221
251  223  192
251  224  172
251  227  189
251  230  172
251  230  172
251  230  230
251  231  206
251  231  224
251  231  226
251  231  228
251  232  184
251  232  222
251  232  222
251  233  187
251  234  207
251  235  184
251  235  190
251  235  211
251  239  192
251  240  191
252  127  93
252  169  47
252  186  45
252  191  42
252  199  187
252  211  59
252  215  198
252  215  199
252  215  203
252  217  57
252  220  129
252  220  175
252  223  214
252  225  212
252  225  212
252  225  215
252  227  153
252  227  192
252  229  219
252  230  228
252  231  227
252  231  227
252  232  213
252  233  173
252  235  174
252  87   48
253  134  96
253  139  121
253  147  143
253  149  137
253  168  68
253  193  56
253  197  55
253  213  202
253  222  218
253  223  218
253  223  220
253  228  198
253  229  154
253  231  197
253  238  175
254  146  115
254  162  162
254  165  159
254  209  58
254  213  207
254  221  208
254  221  222
254  222  220
254  223  218
254  224  200
254  234  154
255  143  82
255  151  135
255  153  118
255  156  76
255  157  128
255  159  104
255  164  131
255  164  74
255  166  157
255  170  117
255  170  151
255  172  98
255  177  155
255  178  95
255  180  180
255  181  111
255  182  178
255  183  143
255  183  176
255  187  108
255  188  171
255  193  138
255  193  174
255  196  196
255  198  136
255  198  194
255  199  164
255  200  195
255  204  190
255  207  160
255  208  193
255  210  211
255  211  209
255  212  159
255  212  184
255  212  209
255  213  207
255  213  208
255  216  82
255  219  181
255  221  98
255  224  181
255  228  129
26   67   87
26   73   132
27   114  129
27   121  152
27   133  136
27   71   86
28   107  102
28   70   116
28   86   109
29   123  129
29   74   105
29   89   113
3    135  134
3    142  128
3    78   113
3    79   103
3    83   124
3    88   104
3    96   141
30   130  154
30   131  174
30   151  78
30   71   105
30   71   110
31   105  82
31   115  115
31   127  115
31   140  148
31   54   101
32   114  103
32   158  187
32   174  162
32   54   98
32   67   93
32   81   84
32   93   112
33   108  135
33   143  160
33   170  190
33   55   56
33   67   77
33   68   107
33   76   84
33   84   83
33   87   153
34   68   71
34   70   118
34   84   88
34   90   105
34   96   100
35   64   87
35   67   98
35   69   114
36   100  81
36   115  66
36   176  162
36   52   86
36   67   66
36   82   86
36   88   154
36   91   120
37   179  130
37   66   116
37   67   93
37   85   103
37   94   97
38   123  127
38   171  190
38   76   70
38   77   80
38   79   80
38   98   61
39   105  115
39   106  172
39   107  120
39   107  62
39   112  133
39   121  148
39   46   78
39   64   64
39   64   75
39   68   107
39   68   86
39   75   80
39   86   110
4    122  173
4    134  189
4    95   97
40   43   74
40   46   74
40   50   77
40   60   76
40   61   68
40   93   145
40   93   95
41   126  104
41   135  141
41   146  131
41   147  180
41   157  162
41   47   68
41   47   71
41   58   71
41   60   74
41   84   140
41   86   104
42   102  149
42   117  121
42   129  74
42   156  213
42   160  160
42   167  188
42   170  65
42   47   68
42   50   73
42   65   65
42   66   113
42   72   68
42   84   66
42   96   76
43   100  94
43   101  93
43   104  101
43   111  142
43   140  75
43   48   65
43   48   67
43   53   72
43   62   84
43   63   82
43   65   92
43   85   61
44   186  158
44   55   65
44   58   68
44   60   77
44   63   86
44   86   99
44   90   92
44   92   77
45   127  105
45   155  206
45   169  182
45   54   68
45   59   73
45   61   68
45   70   74
45   75   76
45   82   131
45   83   84
45   86   132
46   102  105
46   114  119
46   115  118
46   123  79
46   57   64
46   72   69
46   75   59
46   78   91
46   83   138
46   84   106
46   89   103
46   89   134
46   92   86
46   96   95
47   125  146
47   131  78
47   189  156
47   48   72
47   57   68
47   58   70
48   102  160
48   113  115
48   125  100
48   152  157
48   48   72
48   49   72
48   54   60
48   56   66
48   60   76
48   63   85
48   70   113
48   80   99
48   81   67
48   84   80
48   89   74
48   99   143
49   102  110
49   105  125
49   129  126
49   171  209
49   49   72
49   51   72
49   55   63
49   55   65
49   56   64
49   69   58
49   74   72
5    80   138
50   122  102
50   125  136
50   171  181
50   73   61
50   85   94
50   88   75
50   98   138
50   98   139
51   124  156
51   130  134
51   145  174
51   154  202
51   167  179
51   175  178
51   81   123
51   88   127
52   155  127
52   176  177
52   53   69
52   55   60
52   61   76
52   72   108
52   80   124
52   85   98
52   86   109
52   94   97
53   102  111
53   109  111
53   117  101
53   52   63
53   53   66
53   56   63
53   58   68
53   74   90
53   75   85
53   80   88
53   82   69
53   82   73
53   85   118
53   85   124
53   89   89
53   91   120
53   96   131
54   108  76
54   128  131
54   177  74
54   79   112
54   89   113
55   101  152
55   102  165
55   105  152
55   170  206
55   72   85
55   75   90
55   91   120
56   105  130
56   109  125
56   118  139
56   126  190
56   136  124
56   144  149
56   168  204
56   52   62
56   62   68
56   78   70
56   86   110
56   97   104
56   97   75
57   126  128
57   152  175
57   53   64
57   53   67
57   78   96
57   79   101
57   79   120
57   85   108
57   85   72
58   123  126
58   53   73
58   69   93
58   76   97
58   80   95
58   82   97
58   83   60
59   105  93
59   108  61
59   137  66
59   151  67
59   183  111
59   68   113
59   74   86
59   82   111
59   88   96
59   96   104
59   97   141
6    118  117
6    147  158
6    81   131
60   102  61
60   152  193
60   52   61
60   64   82
60   75   86
60   77   93
60   89   58
60   98   155
61   105  149
61   123  124
61   135  140
61   167  174
61   185  174
61   52   63
61   53   77
61   71   82
61   71   83
61   79   103
61   94   100
62   103  144
62   104  118
62   107  106
62   117  155
62   120  63
62   123  132
62   139  150
62   143  170
62   162  172
62   163  125
62   53   66
62   53   79
62   67   101
62   68   100
62   68   85
62   71   82
62   76   105
62   78   89
62   96   87
63   105  130
63   114  116
63   119  163
63   164  152
63   180  207
63   187  174
63   52   56
63   53   71
63   65   76
63   67   80
63   67   88
63   67   90
63   70   81
63   96   63
64   102  142
64   122  180
64   142  121
64   170  172
64   50   48
64   69   108
64   73   84
64   74   86
64   88   81
64   91   120
64   97   149
65   101  138
65   107  134
65   111  142
65   117  159
65   119  145
65   122  138
65   154  122
65   164  180
65   165  170
65   181  208
65   50   47
65   51   49
65   52   80
65   54   58
65   70   116
65   71   84
65   74   88
65   74   93
65   85   92
65   98   130
66   117  113
66   149  148
66   53   79
66   66   77
66   78   96
67   51   48
67   76   86
67   81   94
67   95   139
68   109  69
68   118  72
68   54   61
68   55   43
68   66   81
68   86   107
69   111  109
69   118  126
69   120  173
69   121  113
69   124  172
69   136  139
69   138  199
69   175  202
69   195  169
69   53   75
69   54   59
69   77   86
69   84   57
69   92   115
69   98   116
7    110  126
7    125  124
70   121  183
70   158  167
70   159  75
70   194  149
70   55   64
70   60   47
70   98   130
70   98   158
70   99   116
71   100  74
71   127  72
71   128  113
71   147  168
71   167  198
71   198  168
71   51   48
71   55   58
71   76   85
72   117  132
72   120  120
72   53   78
72   68   80
72   88   105
73   108  118
73   113  108
73   118  144
73   123  169
73   156  161
73   70   90
73   76   85
73   77   85
73   78   88
73   82   93
73   86   108
73   96   123
74   117  163
74   127  130
74   137  145
74   147  76
74   156  146
74   172  111
74   174  148
74   55   50
74   55   63
74   79   92
74   82   92
74   82   95
74   89   119
74   91   111
74   93   105
74   93   106
74   93   57
74   94   148
75   114  121
75   121  148
75   123  155
75   132  175
75   145  176
75   147  153
75   55   59
75   55   61
75   56   66
75   73   118
75   74   116
75   87   103
75   98   59
76   106  103
76   118  175
76   122  164
76   129  165
76   152  157
76   173  224
76   51   48
76   56   56
76   68   86
76   73   112
76   74   111
76   83   56
76   85   57
77   105  103
77   110  59
77   120  107
77   130  170
77   139  112
77   141  161
77   150  154
77   59   45
77   77   88
77   79   92
77   81   98
77   88   120
77   93   136
78   102  100
78   121  60
78   122  163
78   135  189
78   188  206
78   54   80
78   63   69
78   73   105
78   77   89
78   84   107
79   100  100
79   111  130
79   111  142
79   148  151
79   165  192
79   179  166
79   189  206
79   57   50
79   66   55
79   99   65
8    113  109
8    141  66
80   104  112
80   112  104
80   112  130
80   117  169
80   120  158
80   131  139
80   172  217
80   53   80
81   106  97
81   114  160
81   133  185
81   157  115
81   161  161
81   56   55
81   56   56
81   56   68
81   68   85
81   78   92
81   83   56
81   88   56
81   90   57
81   92   58
81   98   114
82   106  129
82   112  100
82   118  152
82   126  108
82   184  202
82   185  96
82   187  198
82   52   47
82   56   58
82   56   58
82   56   62
82   58   44
82   70   93
82   75   80
82   82   102
83   103  97
83   104  96
83   120  105
83   121  131
83   137  183
83   139  135
83   145  148
83   163  142
83   56   69
83   58   50
83   69   99
84   106  119
84   106  119
84   118  151
84   134  194
84   143  109
84   170  194
84   197  133
84   56   56
84   56   60
84   69   90
84   73   66
84   79   94
84   95   106
85   111  136
85   132  130
85   141  60
85   173  214
85   180  143
85   59   62
85   62   45
85   66   78
85   75   79
85   82   102
85   82   55
85   86   112
85   92   144
86   100  59
86   112  98
86   142  134
86   152  60
86   183  195
86   57   73
86   60   45
86   61   49
86   65   78
86   90   124
86   93   141
87   104  128
87   112  98
87   115  144
87   117  176
87   128  136
87   130  174
87   137  180
87   140  165
87   160  171
87   187  197
87   188  220
87   56   53
87   58   42
87   60   55
87   71   105
87   75   80
87   93   147
87   96   106
88   107  125
88   111  68
88   122  100
88   133  103
88   145  160
88   163  188
88   172  140
88   190  194
88   57   57
88   60   55
88   70   112
88   75   78
88   84   56
88   84   56
88   92   58
88   95   106
89   101  114
89   104  95
89   119  101
89   128  104
89   130  185
89   135  130
89   135  176
89   170  207
89   186  217
89   191  194
89   57   77
89   83   56
89   95   106
9    108  114
9    97   117
90   100  112
90   100  66
90   102  92
90   108  140
90   149  135
90   167  157
90   185  161
90   202  160
90   58   54
90   61   64
90   67   82
90   71   99
90   76   57
90   77   85
90   95   104
90   95   106
90   99   114
91   101  58
91   106  67
91   107  124
91   108  60
91   110  132
91   111  96
91   124  156
91   135  174
91   141  105
91   151  104
91   184  215
91   52   48
91   65   73
91   70   113
91   77   84
91   84   110
92   118  126
92   127  122
92   168  59
92   56   55
92   56   58
92   79   58
92   82   55
92   85   56
92   99   114
93   112  128
93   116  169
93   134  171
93   140  155
93   164  98
93   179  190
93   180  197
93   58   72
93   66   81
93   78   81
93   81   66
93   81   83
93   97   65
94   103  90
94   122  119
94   126  124
94   127  172
94   130  181
94   142  128
94   144  145
94   158  161
94   57   57
94   65   53
94   72   113
94   74   56
94   78   85
94   79   81
94   81   57
94   88   121
94   90   89
94   99   119
95   101  90
95   105  130
95   107  68
95   110  59
95   119  143
95   121  98
95   131  164
95   185  191
95   56   61
95   58   54
95   60   50
95   62   63
95   62   66
95   62   67
95   66   47
95   70   55
95   75   60
95   77   81
95   84   103
95   84   55
95   88   85
95   90   56
95   97   110
95   98   113
95   98   85
95   99   86
96   101  59
96   108  119
96   109  142
96   113  156
96   121  121
96   133  121
96   141  166
96   150  155
96   151  147
96   159  132
96   167  188
96   182  188
96   187  190
96   199  191
96   53   46
96   57   78
96   72   56
96   79   91
96   80   58
96   83   63
96   86   85
96   92   145
96   92   88
96   97   111
97   124  71
97   125  149
97   131  163
97   135  72
97   153  72
97   157  71
97   158  214
97   186  130
97   193  220
97   201  190
97   61   61
97   66   82
97   68   85
97   78   81
97   80   61
97   84   67
97   84   82
97   87   83
97   89   129
98   108  68
98   112  72
98   124  61
98   126  116
98   143  170
98   145  143
98   146  176
98   159  166
98   174  155
98   177  186
98   57   55
98   57   66
98   61   62
98   63   51
98   72   117
98   79   90
98   90   139
98   92   88
99   109  119
99   109  91
99   111  93
99   149  183
99   152  191
99   155  147
99   164  72
99   61   46
99   64   66
99   65   51
99   65   60
99   86   113
99   88   64
99   91   83
99   92   89
99   93   99
99   95   84
99   96   83
99   98   64
